717.0
10001.0
258.0
329.0
151.0
110.0
49.0
68.0
66.0
100.0
72.0
55.0
107.0
463.0
108.0
82.0
70.0
53.0
73.0
56.0
61.0
74.0
71.0
73.0
73.0
102.0
80.0
119.0
66.0
51.0
82.0
67.0
63.0
71.0
94.0
81.0
121.0
128.0
140.0
125.0
99.0
78.0
81.0
69.0
69.0
87.0
80.0
97.0
60.0
49.0
60.0
75.0
55.0
84.0
107.0
95.0
70.0
71.0
70.0
61.0
59.0
62.0
50.0
64.0
63.0
79.0
72.0
143.0
129.0
98.0
60.0
58.0
56.0
55.0
61.0
58.0
68.0
60.0
55.0
48.0
64.0
71.0
61.0
118.0
107.0
101.0
58.0
41.0
59.0
52.0
79.0
95.0
135.0
61.0
61.0
53.0
57.0
50.0
54.0
70.0
