0.0787850887622 0.0787885045041
0.0787834785661 0.0487885045473
0.0787818683699 0.0187885045905
0.0999990564634 0.0399977226197
0.121216244557 0.0612069406488
0.100001333319 0.0399954451529
0.121218521412 0.061204663182
0.121223352001 0.0912046627931
0.121228182589 0.121204662404
0.121226572393 0.0912046624474
0.142439206531 0.0699908897292
0.112439206704 0.0699941101215
0.133656394797 0.0912033281506
0.133661225386 0.121203327762
0.133666055974 0.151203327373
0.112455699181 0.172419377069
0.0912407879431 0.151207881573
0.091239177747 0.121207881616
0.0912375675508 0.0912078816594
0.121237567551 0.0912078816594
0.142454755644 0.112417099689
0.142459586233 0.1424170993
0.142464416821 0.172417098911
0.142462806625 0.142417098954
0.172462806625 0.142417098954
0.202462806625 0.142417098954
0.181252449832 0.16363314865
0.211252449832 0.16363314865
0.190042093039 0.184849198346
0.220042093039 0.184849198346
0.198831736246 0.206065248042
0.220044370383 0.184851475324
0.220049200972 0.214851474935
0.241266389065 0.236060692964
0.220051477827 0.214849197469
0.241264111965 0.19363542475
0.220053755172 0.214851474446
0.198838843934 0.193639978951
0.177628487141 0.214856028647
0.198841121279 0.193642255928
0.220053755416 0.17242848321
0.24127094351 0.193637701239
0.262488131603 0.214846919268
0.283705319697 0.236056137298
0.283703709501 0.206056137341
0.304920897594 0.22726535537
0.326133531732 0.206051582652
0.356133531732 0.206051582652
0.377346165869 0.184837809933
0.398563353963 0.206047027963
0.37735299717 0.227263077659
0.398570185263 0.248472295688
0.419787373357 0.269681513717
0.44100456145 0.290890731746
0.462217195588 0.269676959028
0.492217195588 0.269676959028
0.492215585391 0.239676959071
0.471005228598 0.260893008767
0.471010059187 0.290893008378
0.49222724728 0.312102226407
0.471016890487 0.333318276104
0.471021721076 0.363318275715
0.492238909169 0.384527493744
0.471028552376 0.40574354344
0.492245740469 0.426952761469
0.513462928563 0.448161979498
0.534680116656 0.469371197527
0.53467850646 0.439371197571
0.555895694554 0.4605804156
0.577108328691 0.439366642882
0.598325516785 0.460575860911
0.619542704878 0.48178507894
0.640759892971 0.502994296969
0.661977081065 0.524203514998
0.683194269158 0.545412733027
0.704411457252 0.566621951056
0.704409847056 0.5366219511
0.725622481193 0.515408178381
0.746835115331 0.494194405663
0.746839945919 0.524194405274
0.725625034682 0.502982909778
0.755625034682 0.502982909778
0.75562986527 0.532982909389
0.776842499408 0.511769136671
0.776847329996 0.541769136282
0.806847329996 0.541769136282
0.82806451809 0.562978354311
0.806854161296 0.584194404008
0.785639250059 0.562982908512
0.806856438152 0.584192126541
0.828073626246 0.60540134457
0.806858715008 0.584189849074
0.785648358215 0.60540589877
0.806865546308 0.626615116799
0.785655189515 0.647831166495
0.785653579319 0.617831166539
0.806870767412 0.639040384568
0.785660410619 0.660256434264
0.806877598713 0.681465652293
0.78566724192 0.702681701989
