0.121217188093 0.121209218029
0.121222018682 0.15120921764
0.151222018682 0.15120921764
0.181222018682 0.15120921764
0.151222018855 0.151212438033
0.130011662062 0.172428487729
0.160011662062 0.172428487729
0.181224296199 0.15121471501
0.202441484293 0.17242393304
0.232441484293 0.17242393304
0.262441484293 0.17242393304
0.283658672386 0.193633151069
0.313658672386 0.193633151069
0.313663502975 0.22363315068
0.343663502975 0.22363315068
0.373663502975 0.22363315068
0.373668333563 0.253633150291
0.394885521656 0.27484236832
0.424885521656 0.27484236832
0.446098155794 0.253628595602
0.467310789932 0.232414822884
0.46731562052 0.262414822495
0.437315620693 0.262418042887
0.458532808786 0.283627260916
0.437322451993 0.304843310612
0.407322452166 0.304846531005
0.437322452166 0.304846531005
0.416107540928 0.283635035509
0.416112371517 0.31363503512
0.446112371517 0.31363503512
0.446117202105 0.343635034731
0.446122032694 0.373635034342
0.446126863282 0.403635033953
0.424916506489 0.424851083649
0.403706149696 0.446067133345
0.403710980284 0.476067132956
0.433710980284 0.476067132956
0.454923614422 0.454853360238
0.454922004226 0.424853360281
0.433711647433 0.446069409977
0.412496736195 0.424857914482
0.412501566784 0.454857914093
0.433718754877 0.476067132122
0.433717144681 0.446067132165
0.463717144681 0.446067132165
0.442502233443 0.424855636669
0.42129187665 0.446071686365
0.442509064743 0.467280904394
0.463726252837 0.488490122424
0.442515896044 0.50970617212
0.463733084137 0.530915390149
0.442522727344 0.552131439845
0.463739915438 0.573340657874
0.484952549575 0.552126885156
0.506169737669 0.573336103185
0.476169737841 0.573339323577
0.497386925935 0.594548541606
0.518599560073 0.573334768888
0.548599560073 0.573334768888
0.527389203279 0.594550818584
0.548606391373 0.615760036614
0.548611221961 0.645760036225
0.578611221961 0.645760036225
0.608611221961 0.645760036225
0.60861605255 0.675760035836
0.63861605255 0.675760035836
0.66861605255 0.675760035836
0.689833240643 0.696969253865
0.711050428737 0.718178471894
0.73226761683 0.739387689923
