0.0700000001728 0.100003220392
0.0912171882663 0.121212438421
0.0700068314732 0.142428488118
0.100006831473 0.142428488118
0.121219465611 0.121214715399
0.142436653704 0.142423933428
0.142435043508 0.112423933472
0.172435043508 0.112423933472
0.172433433312 0.0824239335149
0.193650621405 0.103633151544
0.214867809499 0.124842369573
0.236084997592 0.146051587602
0.257302185686 0.167260805632
0.278514819823 0.146047032913
0.278513209627 0.116047032956
0.299730397721 0.137256250986
0.320947585814 0.158465469015
0.342164773907 0.179674687044
0.363381962001 0.200883905073
0.384599150094 0.222093123102
0.405816338188 0.243302341131
0.435816338188 0.243302341131
0.457033526281 0.26451155916
0.478250714375 0.28572077719
0.478255544963 0.315720776801
0.478260375552 0.345720776412
0.457050018758 0.366936826108
0.478267206852 0.388146044137
0.508267206852 0.388146044137
0.50827203744 0.418146043748
0.478272037613 0.418149264141
0.478276868202 0.448149263752
0.508276868202 0.448149263752
0.50828169879 0.478149263363
0.508286529378 0.508149262974
0.508291359967 0.538149262585
0.508296190555 0.568149262196
0.538296190555 0.568149262196
0.559513378649 0.589358480225
0.589513378649 0.589358480225
0.589511768453 0.559358480268
0.589516599041 0.589358479879
0.58952142963 0.61935847949
0.61952142963 0.61935847949
0.619526260218 0.649358479102
0.649526260218 0.649358479102
0.679526260218 0.649358479102
0.679531090806 0.679358478713
0.649531090979 0.679361699105
0.628320734186 0.700577748801
0.649533368324 0.679363976083
0.679533368324 0.679363976083
0.709533368324 0.679363976083
0.709538198912 0.709363975694
0.730755387006 0.730573193723
