0.13 0.1
0.151217188093 0.121209218029
0.181217188093 0.121209218029
0.1600068313 0.142425267725
0.181224019394 0.163634485754
0.211224019394 0.163634485754
0.232441207487 0.184843703784
0.253658395581 0.206052921813
0.274875583674 0.227262139842
0.274880414263 0.257262139453
0.296097602356 0.278471357482
0.317314790449 0.299680575511
0.317313180253 0.269680575554
0.29610282346 0.290896625251
0.296101213264 0.260896625294
0.266101213437 0.260899845686
0.296101213437 0.260899845686
0.274890856644 0.282115895382
0.304890856644 0.282115895382
0.326108044737 0.303325113411
0.347325232831 0.324534331441
0.317325233003 0.324537551833
0.347325233003 0.324537551833
0.377325233003 0.324537551833
0.35611487621 0.345753601529
0.377332064304 0.366962819558
0.398544698441 0.34574904684
0.419761886535 0.366958264869
0.398551529742 0.388174314565
0.428551529742 0.388174314565
0.407336618504 0.366962819069
0.428553806597 0.388172037099
0.40733889536 0.366960541603
0.428556083453 0.388169759632
0.449773271547 0.409378977661
0.449778102135 0.439378977272
0.428567745342 0.460595026968
0.449784933435 0.481804244997
0.471002121529 0.503013463026
0.441002121702 0.503016683419
0.462219309795 0.524225901448
0.483436497888 0.545435119477
0.462226141095 0.566651169173
0.441015784302 0.587867218869
0.471015784302 0.587867218869
0.492232972396 0.609076436898
0.471022615603 0.630292486595
0.492239803696 0.651501704624
0.522239803696 0.651501704624
0.5222381935 0.621501704667
0.492238193673 0.621504925059
0.513455381766 0.642714143088
0.51345377157 0.612714143132
0.534670959664 0.633923361161
0.555888147757 0.65513257919
0.585888147757 0.65513257919
0.585892978345 0.685132578801
0.607105612483 0.663918806083
0.637105612483 0.663918806083
0.615890701245 0.642707310587
0.594675790007 0.621495815091
0.594680620596 0.651495814702
0.594685451184 0.681495814313
0.624685451184 0.681495814313
0.654685451184 0.681495814313
0.675898085322 0.660282041595
0.705898085322 0.660282041595
0.675898085495 0.660285261987
0.654687728702 0.681501311683
0.675904916795 0.702710529712
0.675903306599 0.672710529756
0.697115940737 0.651496757037
0.675905583944 0.672712806734
0.645905584116 0.672716027126
0.66712277221 0.693925245155
0.688339960303 0.715134463184
0.709557148397 0.736343681213
0.688346791604 0.757559730909
0.709563979697 0.778768948939
