0.13 0.1
0.100000000173 0.100003220392
0.0700000003457 0.100006440785
0.0487850891079 0.0787949452887
0.0700022772014 0.100004163318
0.100002277201 0.100004163318
0.121219465295 0.121213381347
0.151219465295 0.121213381347
0.181219465295 0.121213381347
0.202436653388 0.142422599376
0.232436653388 0.142422599376
0.202436653561 0.142425819768
0.223653841655 0.163635037798
0.193653841827 0.16363825819
0.223653841827 0.16363825819
0.244866475965 0.142424485472
0.266079110103 0.121210712753
0.236079110275 0.121213933146
0.266079110275 0.121213933146
0.236079110448 0.121217153538
0.236083941037 0.151217153149
0.266083941037 0.151217153149
0.23608394121 0.151220373541
0.214873584417 0.172436423237
0.193663227623 0.193652472934
0.193668058212 0.223652472545
0.163668058385 0.223655692937
0.184880692522 0.202441920219
0.206097880616 0.223651138248
0.227310514753 0.20243736553
0.257310514753 0.20243736553
0.278527702847 0.223646583559
0.278532533435 0.25364658317
0.308532533435 0.25364658317
0.287322176642 0.274862632866
0.30853481078 0.253648860148
0.33853481078 0.253648860148
0.36853481078 0.253648860148
0.39853481078 0.253648860148
0.419751998873 0.274858078177
0.440969186967 0.296067296206
0.46218637506 0.317276514235
0.483403563154 0.338485732264
0.462188651916 0.317274236768
0.483405840009 0.338483454798
0.504623028103 0.359692672827
0.474623028276 0.359695893219
0.444623028448 0.359699113611
0.414623028621 0.359702334004
0.435840216715 0.380911552033
0.457052850852 0.359697779315
0.487052850852 0.359697779315
0.508270038946 0.380906997344
0.487059682153 0.40212304704
0.508276870246 0.423332265069
0.538276870246 0.423332265069
0.559489504384 0.402118492351
0.589489504384 0.402118492351
0.619489504384 0.402118492351
0.649489504384 0.402118492351
0.670706692477 0.42332771038
0.670711523066 0.453327709991
0.670716353654 0.483327709602
0.691928987792 0.462113936884
0.661928987965 0.462117157276
0.661933818553 0.492117156887
0.661938649141 0.522117156498
0.691938649141 0.522117156498
0.69194347973 0.552117156109
0.691948310318 0.58211715572
0.691953140907 0.612117155332
0.670742784114 0.633333205028
0.670747614702 0.663333204639
0.670752445291 0.69333320425
0.691969633384 0.714542422279
0.713186821477 0.735751640308
0.734399455615 0.71453786759
0.734404286204 0.744537867201
