0.121217188093 0.121209218029
0.121222018682 0.15120921764
0.151222018682 0.15120921764
0.151220408486 0.121209217683
0.151225239074 0.151209217295
0.172442427168 0.172418435324
0.172440816971 0.142418435367
0.172439206775 0.11241843541
0.172444037364 0.142418435021
0.172442427168 0.112418435064
0.15122751593 0.0912069395685
0.172444704023 0.112416157598
0.172449534612 0.142416157209
0.193662168749 0.12120238449
0.193666999338 0.151202384102
0.214884187431 0.172411602131
0.184884187604 0.172414822523
0.184882577408 0.142414822566
0.206095211546 0.121201049848
0.227312399639 0.142410267877
0.257312399639 0.142410267877
0.278529587732 0.163619485906
0.29974222187 0.142405713188
0.320954856008 0.12119194047
0.320959686596 0.151191940081
0.34217687469 0.17240115811
0.320961963452 0.151189662614
0.342179151545 0.172398880643
0.363396339639 0.193608098672
0.384613527732 0.214817316701
0.405830715826 0.236026534731
0.427047903919 0.25723575276
0.448265092012 0.278444970789
0.469482280106 0.299654188818
0.469487110694 0.329654188429
0.469491941283 0.35965418804
0.490709129376 0.380863406069
0.490713959965 0.41086340568
0.490718790553 0.440863405292
0.490723621141 0.470863404903
0.49072845173 0.500863404514
0.490733282318 0.530863404125
0.490738112907 0.560863403736
0.469527756114 0.582079453432
0.448312844876 0.560867957936
0.469530032969 0.582077175965
0.490747221063 0.603286393994
0.520747221063 0.603286393994
0.541964409156 0.624495612024
0.56318159725 0.645704830053
0.59318159725 0.645704830053
0.62318159725 0.645704830053
0.65318159725 0.645704830053
0.653186427838 0.675704829664
0.653191258427 0.705704829275
0.683191258427 0.705704829275
0.713191258427 0.705704829275
0.73440844652 0.726914047304
