0.121217188093 0.121209218029
0.142434376187 0.142418436058
0.16365156428 0.163627654087
0.184864198418 0.142413881369
0.206081386511 0.163623099398
0.184871029718 0.184839149094
0.214871029718 0.184839149094
0.244871029718 0.184839149094
0.266088217812 0.206048367124
0.287305405905 0.227257585153
0.317305405905 0.227257585153
0.317303795709 0.197257585196
0.338520983802 0.218466803225
0.317306072565 0.197255307729
0.338523260658 0.218464525758
0.317312903865 0.239680575455
0.287312904038 0.239683795847
0.317312904038 0.239683795847
0.347312904038 0.239683795847
0.368525538176 0.218470023129
0.389742726269 0.239679241158
0.359742726442 0.23968246155
0.389742726442 0.23968246155
0.410959914535 0.260891679579
0.432177102629 0.282100897608
0.453394290722 0.303310115637
0.483394290722 0.303310115637
0.483399121311 0.333310115249
0.483403951899 0.36331011486
0.483408782487 0.393310114471
0.504625970581 0.4145193325
0.504630801169 0.444519332111
0.504635631758 0.474519331722
0.504640462346 0.504519331333
0.534640462346 0.504519331333
0.534645292935 0.534519330944
0.534650123523 0.564519330555
0.534654954111 0.594519330166
0.564654954111 0.594519330166
0.5646597847 0.624519329777
0.5946597847 0.624519329777
0.564659784873 0.62452255017
0.594659784873 0.62452255017
0.594664615461 0.654522549781
0.624664615461 0.654522549781
0.603454258668 0.675738599477
0.633454258668 0.675738599477
0.663454258668 0.675738599477
0.64223934743 0.654527103981
0.642244178019 0.684527103592
0.663456812156 0.663313330874
0.663461642745 0.693313330485
0.684678830838 0.714522548514
0.705896018932 0.735731766543
0.727113207025 0.756940984572
