0.13 0.1
0.151212634138 0.0787862272817
0.151211023941 0.0487862273249
0.15121585453 0.078786226936
0.151214244334 0.0487862269792
0.172431432427 0.0699954450084
0.151221075634 0.0912114947046
0.130006164396 0.0699999992086
0.160006164396 0.0699999992086
0.190006164396 0.0699999992086
0.220006164396 0.0699999992086
0.241218798534 0.0487862264904
0.220008441741 0.0700022761865
0.250008441741 0.0700022761865
0.250013272329 0.100002275798
0.220013272502 0.10000549619
0.250013272502 0.10000549619
0.250018103091 0.130005495801
0.250022933679 0.160005495412
0.250027764268 0.190005495023
0.250026154071 0.160005495066
0.228811242834 0.13879399957
0.207596331596 0.117582504075
0.207601162184 0.147582503686
0.237601162184 0.147582503686
0.258818350278 0.168791721715
0.280030984415 0.147577948997
0.280035815004 0.177577948608
0.301253003097 0.198787166637
0.280038091859 0.177575671141
0.301250725997 0.156361898423
0.322463360135 0.135148125704
0.301253003342 0.1563641754
0.322470191435 0.17757339343
0.352470191435 0.17757339343
0.331259834642 0.198789443126
0.361259834642 0.198789443126
0.331259834815 0.198792663518
0.361259834815 0.198792663518
0.361264665403 0.228792663129
0.391264665403 0.228792663129
0.412481853497 0.250001881158
0.433694487634 0.22878810844
0.454911675728 0.249997326469
0.433701318935 0.271213376165
0.454918507028 0.292422594195
0.476135695122 0.313631812224
0.497352883215 0.334841030253
0.497357713803 0.364841029864
0.527357713803 0.364841029864
0.548574901897 0.386050247893
0.578574901897 0.386050247893
0.608574901897 0.386050247893
0.638574901897 0.386050247893
0.638579732485 0.416050247504
0.638584563074 0.446050247115
0.638589393662 0.476050246726
0.6598020278 0.454836474008
0.659806858388 0.484836473619
0.659811688977 0.51483647323
0.68102887707 0.536045691259
0.681033707659 0.56604569087
0.681038538247 0.596045690482
0.70225572634 0.617254908511
0.723472914434 0.63846412654
0.744690102527 0.659673344569
0.765907290621 0.680882562598
0.795907290621 0.680882562598
0.817124478714 0.702091780627
