0.13 0.1
0.130004830588 0.129999999611
0.108794473795 0.151216049307
0.138794473795 0.151216049307
0.168794473795 0.151216049307
0.147584117002 0.172432099003
0.168801305096 0.193641317033
0.190018493189 0.214850535062
0.211235681283 0.236059753091
0.211234071086 0.206059753134
0.23245125918 0.227268971163
0.253668447273 0.248478189192
0.274885635367 0.269687407222
0.29610282346 0.290896625251
0.317320011554 0.31210584328
0.347320011554 0.31210584328
0.317320011726 0.312109063672
0.296109654933 0.333325113368
0.274894743696 0.312113617872
0.304894743696 0.312113617872
0.304893133499 0.282113617916
0.304897964088 0.312113617527
0.334897964088 0.312113617527
0.364897964088 0.312113617527
0.343687607295 0.333329667223
0.373687607295 0.333329667223
0.394900241432 0.312115894505
0.416117429526 0.333325112534
0.394907072733 0.35454116223
0.373692161495 0.333329666734
0.373696992083 0.363329666345
0.394914180177 0.384538884374
0.373703823384 0.40575493407
0.403703823384 0.40575493407
0.403708653972 0.435754933681
0.433708653972 0.435754933681
0.433713484561 0.465754933293
0.463713484561 0.465754933293
0.442503127768 0.486970982989
0.42128821653 0.465759487493
0.45128821653 0.465759487493
0.421288216703 0.465762707885
0.451288216703 0.465762707885
0.43007785991 0.486978757581
0.408867503116 0.508194807277
0.438867503116 0.508194807277
0.46008469121 0.529404025307
0.481301879303 0.550613243336
0.502519067397 0.571822461365
0.52373625549 0.593031679394
0.544953443584 0.614240897423
0.566170631677 0.635450115452
0.596170631677 0.635450115452
0.626170631677 0.635450115452
0.626169021481 0.605450115495
0.647381655619 0.584236342777
0.626171298825 0.605452392473
0.596171298998 0.605455612866
0.574956387761 0.58424411737
0.596173575854 0.605453335399
0.574963219061 0.626669385095
0.604963219061 0.626669385095
0.634963219061 0.626669385095
0.664963219061 0.626669385095
0.643752862268 0.647885434791
0.643757692856 0.677885434402
0.673757692856 0.677885434402
0.694970326994 0.656671661684
0.716187515087 0.677880879713
0.737404703181 0.699090097742
0.758621891274 0.720299315771
