0.0787850887622 0.0787885045041
0.108785088762 0.0787885045041
0.0875747319691 0.1000045542
0.108791920063 0.121213772229
0.130009108156 0.142422990259
0.13000749796 0.112422990302
0.130005887764 0.082422990345
0.130010718352 0.112422989956
0.151227906446 0.133632207985
0.181227906446 0.133632207985
0.160017549652 0.154848257681
0.18123018379 0.133634484963
0.202447371884 0.154843702992
0.223664559977 0.176052921021
0.19366456015 0.176056141414
0.214877194287 0.154842368695
0.236094382381 0.176051586725
0.257311570474 0.197260804754
0.287311570474 0.197260804754
0.308524204612 0.176047032035
0.32973683875 0.154833259317
0.308526481957 0.176049309013
0.32974367005 0.197258527042
0.350960858143 0.218467745072
0.380960858143 0.218467745072
0.410960858143 0.218467745072
0.380960858316 0.218470965464
0.40217804641 0.239680183493
0.423395234503 0.260889401522
0.444612422597 0.282098619551
0.474612422597 0.282098619551
0.49582961069 0.303307837581
0.517046798783 0.32451705561
0.538263986877 0.345726273639
0.568263986877 0.345726273639
0.58948117497 0.366935491668
0.559481175143 0.36693871206
0.589481175143 0.36693871206
0.610693809281 0.345724939342
0.580693809454 0.345728159734
0.550693809627 0.345731380127
0.529483452833 0.366947429823
0.559483452833 0.366947429823
0.580700640927 0.388156647852
0.580705471515 0.418156647463
0.580710302104 0.448156647074
0.559499945311 0.46937269677
0.589499945311 0.46937269677
0.589504775899 0.499372696381
0.610717410037 0.478158923663
0.610722240625 0.508158923274
0.580722240798 0.508162143666
0.55950732956 0.486950648171
0.58950732956 0.486950648171
0.589512160149 0.516950647782
0.619512160149 0.516950647782
0.619516990737 0.546950647393
0.619521821326 0.576950647004
0.649521821326 0.576950647004
0.649526651914 0.606950646615
0.670743840007 0.628159864644
0.64074384018 0.628163085036
0.67074384018 0.628163085036
0.691961028274 0.649372303066
0.713178216367 0.670581521095
0.734390850505 0.649367748376
0.704390850678 0.649370968769
0.68317593944 0.628159473273
0.71317593944 0.628159473273
0.734393127533 0.649368691302
0.764393127533 0.649368691302
0.785605761671 0.628154918584
0.806822949764 0.649364136613
0.828040137858 0.670573354642
0.858040137858 0.670573354642
0.836829781065 0.691789404338
0.806829781238 0.69179262473
0.77682978141 0.691795845123
0.798046969504 0.713005063152
