0.121217188093 0.121209218029
0.142434376187 0.142418436058
0.142432765991 0.112418436102
0.163649954084 0.133627654131
0.184867142178 0.15483687216
0.214867142178 0.15483687216
0.236084330271 0.176046090189
0.257301518364 0.197255308218
0.278518706458 0.218464526247
0.278517096262 0.18846452629
0.248517096435 0.188467746683
0.278517096435 0.188467746683
0.299734284528 0.209676964712
0.299739115116 0.239676964323
0.329739115116 0.239676964323
0.359739115116 0.239676964323
0.38095630321 0.260886182352
0.380954693014 0.230886182395
0.402171881107 0.252095400424
0.423389069201 0.273304618454
0.393389069373 0.273307838846
0.414606257467 0.294517056875
0.43582344556 0.315726274904
0.457040633654 0.336935492933
0.457039023458 0.306935492977
0.457043854046 0.336935492588
0.457048684634 0.366935492199
0.457053515223 0.39693549181
0.457058345811 0.426935491421
0.4570631764 0.456935491032
0.457061566204 0.426935491075
0.487061566204 0.426935491075
0.487066396792 0.456935490686
0.48707122738 0.486935490297
0.487076057969 0.516935489909
0.465861146731 0.495723994413
0.46586597732 0.525723994024
0.487083165413 0.546933212053
0.465868254175 0.525721716557
0.465866643979 0.4957217166
0.495866643979 0.4957217166
0.525866643979 0.4957217166
0.525871474568 0.525721716211
0.525876305156 0.555721715822
0.525881135744 0.585721715433
0.504670778951 0.60693776513
0.483460422158 0.628153814826
0.453460422331 0.628157035218
0.432250065538 0.649373084914
0.462250065538 0.649373084914
0.492250065538 0.649373084914
0.471039708745 0.67058913461
0.501039708745 0.67058913461
0.531039708745 0.67058913461
0.561039708745 0.67058913461
0.591039708745 0.67058913461
0.569829351952 0.691805184307
0.599829351952 0.691805184307
0.629829351952 0.691805184307
0.659829351952 0.691805184307
0.65983418254 0.721805183918
0.681051370634 0.743014401947
0.702268558727 0.764223619976
0.723485746821 0.785432838005
