0.100004830588 0.129999999611
0.130004830588 0.129999999611
0.130009661177 0.159999999222
0.160009661177 0.159999999222
0.190009661177 0.159999999222
0.190014491765 0.189999998833
0.211231679859 0.211209216862
0.232448867952 0.232418434892
0.253666056046 0.253627652921
0.283666056046 0.253627652921
0.304883244139 0.27483687095
0.326100432232 0.296046088979
0.356100432232 0.296046088979
0.377317620326 0.317255307008
0.398534808419 0.338464525037
0.398539639008 0.368464524648
0.377329282215 0.389680574345
0.356114370977 0.368469078849
0.377327005115 0.34725530613
0.407327005115 0.34725530613
0.407331835703 0.377255305741
0.407336666291 0.407255305353
0.40734149688 0.437255304964
0.407346327468 0.467255304575
0.407351158057 0.497255304186
0.437351158057 0.497255304186
0.437349547861 0.467255304229
0.416134636623 0.446043808733
0.39492427983 0.467259858429
0.373713923037 0.488475908125
0.403713923037 0.488475908125
0.403718753625 0.518475907737
0.433718753625 0.518475907737
0.412508396832 0.539691957433
0.442508396832 0.539691957433
0.472508396832 0.539691957433
0.451298040039 0.560908007129
0.451302870627 0.59090800674
0.451301260431 0.560908006783
0.472518448525 0.582117224812
0.502518448525 0.582117224812
0.532518448525 0.582117224812
0.511303537287 0.560905729316
0.511308367875 0.590905728927
0.511306757679 0.560905728971
0.541306757679 0.560905728971
0.571306757679 0.560905728971
0.601306757679 0.560905728971
0.601311588268 0.590905728582
0.601316418856 0.620905728193
0.622533606949 0.642114946222
0.652533606949 0.642114946222
0.673750795043 0.663324164251
0.694967983136 0.68453338228
0.71618517123 0.705742600309
0.737402359323 0.726951818339
