0.121217188093 0.121209218029
0.0912171882663 0.121212438421
0.11243437636 0.142421656451
0.14243437636 0.142421656451
0.121219465122 0.121210160955
0.12122429571 0.151210160566
0.100009384473 0.12999866507
0.121226572566 0.151207883099
0.151226572566 0.151207883099
0.130016215773 0.172423932795
0.160016215773 0.172423932795
0.190016215773 0.172423932795
0.220016215773 0.172423932795
0.250016215773 0.172423932795
0.228801304535 0.151212437299
0.207590947742 0.172428486995
0.186380590949 0.193644536692
0.207593225087 0.172430763973
0.237593225087 0.172430763973
0.216382868294 0.193646813669
0.246382868294 0.193646813669
0.2251725115 0.214862863366
0.246389699594 0.236072081395
0.267606887687 0.257281299424
0.288824075781 0.278490517453
0.288822465585 0.248490517496
0.310039653678 0.269699735525
0.340039653678 0.269699735525
0.31882474244 0.248488240029
0.318823132244 0.218488240073
0.297608221006 0.197276744577
0.318820855144 0.176062971859
0.297610498351 0.197279021555
0.318823132489 0.176065248836
0.297612775695 0.197281298533
0.318829963789 0.218490516562
0.297619606996 0.239706566258
0.318836795089 0.260915784287
0.340053983183 0.282125002316
0.361271171276 0.303334220345
0.340060814483 0.324550270041
0.340065645071 0.354550269653
0.34007047566 0.384550269264
0.361287663753 0.405759487293
0.382504851847 0.426968705322
0.40372203994 0.448177923351
0.403726870529 0.478177922962
0.424944058622 0.499387140991
0.446161246716 0.520596359021
0.467378434809 0.54180557705
0.488595622902 0.563014795079
0.509812810996 0.584224013108
0.531029999089 0.605433231137
0.509819642296 0.626649280833
0.539819642296 0.626649280833
0.56103683039 0.647858498862
0.531036830562 0.647861719255
0.552254018656 0.669070937284
0.573471206749 0.690280155313
0.594688394843 0.711489373342
0.615905582936 0.732698591371
0.63712277103 0.7539078094
0.66712277103 0.7539078094
0.688339959123 0.77511702743
0.709552593261 0.753903254711
0.709557423849 0.783903254322
