0.100004830588 0.129999999611
0.0700048307613 0.130003220003
0.0912174648989 0.108789447285
0.121217464899 0.108789447285
0.121215854703 0.0787894473283
0.121220685291 0.108789446939
0.12122551588 0.138789446551
0.15122551588 0.138789446551
0.151230346468 0.168789446162
0.181230346468 0.168789446162
0.202447534562 0.189998664191
0.181237177768 0.211214713887
0.202454365862 0.232423931916
0.202452755666 0.202423931959
0.172452755839 0.202427152352
0.172451145642 0.172427152395
0.202451145642 0.172427152395
0.223668333736 0.193636370424
0.244885521829 0.214845588453
0.266102709923 0.236054806482
0.287319898016 0.257264024511
0.30853708611 0.278473242541
0.329754274203 0.29968246057
0.299754274376 0.299685680962
0.329754274376 0.299685680962
0.350966908514 0.278471908244
0.329751997276 0.257260412748
0.350969185369 0.278469630777
0.372186373463 0.299678848806
0.393403561556 0.320888066835
0.414620749649 0.342097284864
0.393410392856 0.363313334561
0.423410392856 0.363313334561
0.423415223445 0.393313334172
0.444632411538 0.414522552201
0.444637242127 0.444522551812
0.423422330889 0.423311056316
0.423427161477 0.453311055927
0.423431992066 0.483311055538
0.423436822654 0.513311055149
0.453436822654 0.513311055149
0.474649456792 0.492097282431
0.49586209093 0.470883509713
0.517079279023 0.492092727742
0.538296467116 0.513301945771
0.517081555879 0.492090450275
0.517086386467 0.522090449886
0.517091217056 0.552090449497
0.495880860262 0.573306499193
0.525880860262 0.573306499193
0.555880860262 0.573306499193
0.585880860262 0.573306499193
0.555880860435 0.573309719586
0.525880860608 0.573312939978
0.547098048702 0.594522158007
0.525887691908 0.615738207703
0.504677335115 0.636954257399
0.534677335115 0.636954257399
0.555894523209 0.658163475429
0.577111711302 0.679372693458
0.555896800064 0.658161197962
0.577113988158 0.679370415991
0.598331176251 0.70057963402
0.619548364345 0.721788852049
0.619546754149 0.691788852092
0.640763942242 0.712998070122
0.640762332046 0.682998070165
0.661979520139 0.704207288194
0.683196708233 0.725416506223
0.713196708233 0.725416506223
0.69198635144 0.746632555919
0.713198985577 0.725418783201
0.734411619715 0.704205010483
0.755628807808 0.725414228512
