0.121217188093 0.121209218029
0.142434376187 0.142418436058
0.172434376187 0.142418436058
0.202434376187 0.142418436058
0.232434376187 0.142418436058
0.25365156428 0.163627654087
0.274868752374 0.184836872117
0.296085940467 0.206046090146
0.317303128561 0.227255308175
0.338520316654 0.248464526204
0.359737504747 0.269673744233
0.380954692841 0.290882962262
0.402171880934 0.312092180291
0.423389069028 0.333301398321
0.444606257121 0.35451061635
0.465823445215 0.375719834379
0.465828275803 0.40571983399
0.465833106392 0.435719833601
0.46583793698 0.465719833212
0.465842767568 0.495719832823
0.465847598157 0.525719832434
0.444632686919 0.504508336938
0.465849875012 0.525717554968
0.465854705601 0.555717554579
0.487071893694 0.576926772608
0.508289081788 0.598135990637
0.538289081788 0.598135990637
0.538293912376 0.628135990248
0.55951110047 0.649345208277
0.559509490273 0.61934520832
0.580722124411 0.598131435602
0.580726955 0.628131435213
0.580725344803 0.598131435256
0.580723734607 0.5681314353
0.55072373478 0.568134655692
0.550728565369 0.598134655303
0.550733395957 0.628134654914
0.550738226545 0.658134654525
0.550736616349 0.628134654568
0.571949250487 0.60692088185
0.571954081075 0.636920881461
0.550743724282 0.658136931157
0.580743724282 0.658136931157
0.60195635842 0.636923158439
0.623168992558 0.615709385721
0.623173823146 0.645709385332
0.623178653734 0.675709384943
0.644391287872 0.654495612225
0.644396118461 0.684495611836
0.665608752598 0.663281839118
0.665613583187 0.693281838729
0.68683077128 0.714491056758
0.686835601869 0.744491056369
0.708052789962 0.765700274398
