0.0787850887622 0.0787885045041
0.100002276856 0.0999977225332
0.0787919200626 0.121213772229
0.100009108156 0.142422990259
0.121221742294 0.12120921754
0.142438930387 0.142418435569
0.163656118481 0.163627653599
0.184873306574 0.184836871628
0.163662949781 0.206052921324
0.193662949781 0.206052921324
0.223662949781 0.206052921324
0.253662949781 0.206052921324
0.274880137874 0.227262139353
0.304880137874 0.227262139353
0.334880137874 0.227262139353
0.356097325968 0.248471357382
0.334886969175 0.269687407078
0.364886969175 0.269687407078
0.394886969175 0.269687407078
0.416104157268 0.290896625107
0.437321345362 0.312105843137
0.458538533455 0.333315061166
0.479755721548 0.354524279195
0.479760552137 0.384524278806
0.479765382725 0.414524278417
0.479770213314 0.444524278028
0.458555302076 0.423312782532
0.458560132664 0.453312782143
0.458564963253 0.483312781754
0.437350052015 0.462101286259
0.407350052188 0.462104506651
0.428567240281 0.48331372468
0.449784428375 0.504522942709
0.471001616468 0.525732160738
0.449791259675 0.546948210434
0.471008447769 0.568157428464
0.471006837572 0.538157428507
0.471011668161 0.568157428118
0.501011668161 0.568157428118
0.531011668161 0.568157428118
0.561011668161 0.568157428118
0.561010057965 0.538157428161
0.561014888553 0.568157427772
0.591014888553 0.568157427772
0.612227522691 0.546943655054
0.612232353279 0.576943654665
0.633444987417 0.555729881947
0.612234630624 0.576945931643
0.633447264761 0.555732158925
0.63345209535 0.585732158536
0.633456925938 0.615732158147
0.633461756527 0.645732157758
0.633466587115 0.675732157369
0.633471417704 0.70573215698
0.603471417876 0.705735377372
0.633471417876 0.705735377372
0.663471417876 0.705735377372
0.68468860597 0.726944595402
0.705905794063 0.748153813431
0.727122982157 0.76936303146
