0.100004830588 0.129999999611
0.121217464726 0.108786226893
0.121222295315 0.138786226504
0.151222295315 0.138786226504
0.172434929452 0.117572453786
0.193652117546 0.138781671815
0.223652117546 0.138781671815
0.223656948134 0.168781671426
0.244869582272 0.147567898708
0.24487441286 0.177567898319
0.266087046998 0.1563541256
0.236087047171 0.156357345993
0.266087047171 0.156357345993
0.287304235264 0.177566564022
0.308521423357 0.198775782051
0.329738611451 0.21998500008
0.359738611451 0.21998500008
0.380951245589 0.198771227362
0.359740888795 0.219987277058
0.389740888795 0.219987277058
0.368530532002 0.241203326754
0.347315620765 0.219991831258
0.347320451353 0.249991830869
0.368537639447 0.271201048899
0.347327282653 0.292417098595
0.368544470747 0.313626316624
0.398544470747 0.313626316624
0.41976165884 0.334835534653
0.440978846934 0.356044752682
0.440977236738 0.326044752725
0.440982067326 0.356044752336
0.440986897914 0.386044751948
0.419776541121 0.407260801644
0.41978137171 0.437260801255
0.419786202298 0.467260800866
0.441003390392 0.488470018895
0.462220578485 0.509679236924
0.492220578485 0.509679236924
0.513437766579 0.530888454953
0.492227409785 0.55210450465
0.492225799589 0.522104504693
0.513442987683 0.543313722722
0.534660175776 0.564522940751
0.55587736387 0.58573215878
0.555875753673 0.555732158823
0.53466539688 0.57694820852
0.555882584974 0.598157426549
0.585882584974 0.598157426549
0.585887415562 0.62815742616
0.615887415562 0.62815742616
0.645887415562 0.62815742616
0.645885805366 0.598157426203
0.645890635955 0.628157425814
0.667103270092 0.606943653096
0.667108100681 0.636943652707
0.637108100853 0.636946873099
0.658325288947 0.658156091128
0.62832528912 0.658159311521
0.65832528912 0.658159311521
0.658323678924 0.628159311564
0.63711332213 0.64937536126
0.66711332213 0.64937536126
0.688330510224 0.670584579289
0.688335340812 0.7005845789
0.709552528906 0.721793796929
0.730769716999 0.743003014959
