0.121217188093 0.121209218029
0.121215577897 0.0912092180724
0.142432765991 0.112418436102
0.121222409198 0.133634485798
0.142439597291 0.154843703827
0.163656785384 0.176052921856
0.193656785384 0.176052921856
0.214873973478 0.197262139885
0.236091161571 0.218471357914
0.257308349665 0.239680575943
0.287308349665 0.239680575943
0.287313180253 0.269680575554
0.287311570057 0.239680575598
0.266101213264 0.260896625294
0.296101213264 0.260896625294
0.296099603068 0.230896625337
0.296104433656 0.260896624948
0.326104433656 0.260896624948
0.356104433656 0.260896624948
0.37732162175 0.282105842977
0.398534255887 0.260892070259
0.419751443981 0.282101288288
0.440968632074 0.303310506317
0.462185820168 0.324519724346
0.462190650756 0.354519723958
0.462195481345 0.384519723569
0.462200311933 0.41451972318
0.462205142521 0.444519722791
0.46220997311 0.474519722402
0.462214803698 0.504519722013
0.462219634287 0.534519721624
0.492219634287 0.534519721624
0.492224464875 0.564519721235
0.513441652969 0.585728939264
0.534658841062 0.606938157294
0.555876029155 0.628147375323
0.525876029328 0.628150595715
0.547088663466 0.606936822997
0.568305851559 0.628146041026
0.538305851732 0.628149261418
0.508305851905 0.62815248181
0.487090940667 0.606940986315
0.465880583874 0.628157036011
0.444665672636 0.606945540515
0.423450761399 0.585734045019
0.402235850161 0.564522549523
0.423453038254 0.585731767552
0.444670226348 0.606940985581
0.474670226348 0.606940985581
0.453459869555 0.628157035277
0.483459869555 0.628157035277
0.513459869555 0.628157035277
0.543459869555 0.628157035277
0.573459869555 0.628157035277
0.603459869555 0.628157035277
0.603464700143 0.658157034888
0.603463089947 0.628157034932
0.603467920535 0.658157034543
0.633467920535 0.658157034543
0.633472751124 0.688157034154
0.663472751124 0.688157034154
0.693472751124 0.688157034154
0.714685385262 0.666943261436
0.735902573355 0.688152479465
0.735907403943 0.718152479076
0.757120038081 0.696938706358
0.735909681288 0.718154756054
0.735914511876 0.748154755665
