0.13 0.1
0.151212634138 0.0787862272817
0.1299977229 0.0575747317858
0.130002553488 0.0875747313969
0.151219741582 0.108783949426
0.172436929675 0.129993167455
0.202436929675 0.129993167455
0.202435319479 0.0999931674984
0.202440150067 0.12999316711
0.223657338161 0.151202385139
0.244874526254 0.172411603168
0.266091714348 0.193620821197
0.287308902441 0.214830039226
0.266093991203 0.19361854373
0.296093991203 0.19361854373
0.326093991203 0.19361854373
0.347311179297 0.214827761759
0.31731117947 0.214830982152
0.296096268232 0.193619486656
0.29610109882 0.223619486267
0.32610109882 0.223619486267
0.347313732958 0.202405713549
0.368526367096 0.18119194083
0.347316010303 0.202407990526
0.368533198396 0.223617208556
0.389750386489 0.244826426585
0.410967574583 0.266035644614
0.432184762676 0.287244862643
0.462184762676 0.287244862643
0.48340195077 0.308454080672
0.504614584907 0.287240307954
0.47461458508 0.287243528346
0.474612974884 0.257243528389
0.474617805473 0.287243528
0.474622636061 0.317243527612
0.495839824154 0.338452745641
0.495844654743 0.368452745252
0.495849485331 0.398452744863
0.474639128538 0.419668794559
0.453428771745 0.440884844255
0.453433602334 0.470884843866
0.453431992137 0.44088484391
0.432221635344 0.462100893606
0.453438823438 0.483310111635
0.432228466645 0.504526161331
0.453445654738 0.52573537936
0.453450485327 0.555735378971
0.47466767342 0.576944597
0.495884861513 0.59815381503
0.517102049607 0.619363033059
0.547102049607 0.619363033059
0.5683192377 0.640572251088
0.5983192377 0.640572251088
0.6283192377 0.640572251088
0.628324068289 0.670572250699
0.658324068289 0.670572250699
0.688324068289 0.670572250699
0.718324068289 0.670572250699
0.718328898877 0.70057225031
0.748328898877 0.70057225031
0.769546086971 0.721781468339
