0.13 0.1
0.108789643207 0.121216049696
0.138789643207 0.121216049696
0.160002277345 0.100002276978
0.138791920551 0.121218326674
0.160004554689 0.100004553956
0.138794197896 0.121220603652
0.160006832034 0.100006830934
0.138796475241 0.12122288063
0.117586118448 0.142438930326
0.0963712072097 0.12122743483
0.12637120721 0.12122743483
0.126376037798 0.151227434441
0.147588671936 0.130013661723
0.126373760698 0.108802166227
0.147590948791 0.130011384256
0.147589338595 0.100011384299
0.147594169184 0.13001138391
0.147592558988 0.100011383954
0.147597389576 0.130011383565
0.14759577938 0.100011383608
0.117595779553 0.100014604
0.138812967646 0.121223822029
0.117598056408 0.100012326533
0.0875980565813 0.100015546926
0.117598056581 0.100015546926
0.147598056581 0.100015546926
0.147596446385 0.070015546969
0.126386089592 0.0912315966652
0.147603277685 0.112440814694
0.126388366448 0.0912293191984
0.147605554541 0.112438537228
0.168818188679 0.0912247645093
0.198818188679 0.0912247645093
0.220035376772 0.112433982538
0.24124801091 0.0912202098201
0.262465199003 0.112429427849
0.283682387097 0.133638645878
0.30489957519 0.154847863908
0.274899575363 0.1548510843
0.296116763456 0.176060302329
0.31733395155 0.197269520358
0.338551139643 0.218478738387
0.359768327737 0.239687956416
0.389768327737 0.239687956416
0.368557970944 0.260904006113
0.389775159037 0.282113224142
0.410992347131 0.303322442171
0.432209535224 0.3245316602
0.432207925028 0.294531660243
0.453425113121 0.315740878272
0.474642301215 0.336950096302
0.495854935352 0.315736323583
0.495859765941 0.345736323194
0.495864596529 0.375736322806
0.474654239736 0.396952372502
0.49587142783 0.418161590531
0.517084061967 0.396947817813
0.517088892556 0.426947817424
0.517093723144 0.456947817035
0.517098553732 0.486947816646
0.517103384321 0.516947816257
0.547103384321 0.516947816257
0.525893027528 0.538163865953
0.525897858116 0.568163865564
0.504682946879 0.546952370068
0.483468035641 0.525740874572
0.453468035814 0.525744094965
0.483468035814 0.525744094965
0.462257679021 0.546960144661
0.483470313158 0.525746371943
0.513470313158 0.525746371943
0.492259956365 0.546962421639
0.522259956365 0.546962421639
0.522264786954 0.57696242125
0.552264786954 0.57696242125
0.53105443016 0.598178470946
0.56105443016 0.598178470946
0.539844073367 0.619394520642
0.569844073367 0.619394520642
0.548633716574 0.640610570338
0.578633716574 0.640610570338
0.608633716574 0.640610570338
0.578633716747 0.640613790731
0.608633716747 0.640613790731
0.608638547336 0.670613790342
0.587423636098 0.649402294846
0.56620872486 0.62819079935
0.587421358998 0.606977026632
0.566211002205 0.628193076328
0.587428190298 0.649402294357
0.608640824436 0.628188521639
0.608645655024 0.65818852125
0.587435298231 0.679404570946
0.587440128819 0.709404570557
0.608652762957 0.688190797839
0.608651152761 0.658190797882
0.629863786899 0.636977025164
0.629868617487 0.666977024775
0.629873448075 0.696977024386
0.608663091282 0.718193074082
0.638663091282 0.718193074082
0.668663091282 0.718193074082
0.689880279376 0.739402292111
0.719880279376 0.739402292111
0.741092913513 0.718188519393
0.762310101607 0.739397737422
