0.0787850887622 0.0787885045041
0.108785088762 0.0787885045041
0.138785088762 0.0787885045041
0.108785088935 0.0787917248964
0.108789919524 0.108791724507
0.108794750112 0.138791724119
0.0787947502848 0.138794944511
0.108794750285 0.138794944511
0.138794750285 0.138794944511
0.168794750285 0.138794944511
0.198794750285 0.138794944511
0.220011938378 0.16000416254
0.190011938551 0.160007382932
0.211229126645 0.181216600961
0.181229126817 0.181219821354
0.211229126817 0.181219821354
0.241229126817 0.181219821354
0.262446314911 0.202429039383
0.283658949048 0.181215266665
0.253658949221 0.181218487057
0.274876137315 0.202427705086
0.304876137315 0.202427705086
0.334876137315 0.202427705086
0.334874527119 0.172427705129
0.356087161256 0.151213932411
0.377299795394 0.130000159693
0.377304625982 0.160000159304
0.377309456571 0.190000158915
0.377314287159 0.220000158526
0.407314287159 0.220000158526
0.407319117748 0.250000158137
0.37731911792 0.250003378529
0.40731911792 0.250003378529
0.407323948509 0.280003378141
0.437323948509 0.280003378141
0.458541136602 0.30121259617
0.458545967191 0.331212595781
0.458550797779 0.361212595392
0.437335886541 0.340001099896
0.467335886541 0.340001099896
0.467334276345 0.310001099939
0.497334276345 0.310001099939
0.518546910483 0.288787327221
0.518551741071 0.318787326832
0.518550130875 0.288787326875
0.539762765013 0.267573554157
0.539767595601 0.297573553768
0.53977242619 0.327573553379
0.539777256778 0.35757355299
0.518566899985 0.378789602686
0.488566900158 0.378792823079
0.467356543365 0.400008872775
0.446146186572 0.421224922471
0.424935829779 0.442440972167
0.403725472986 0.463657021863
0.382515116193 0.484873071559
0.403732304286 0.506082289589
0.424949492379 0.527291507618
0.446166680473 0.548500725647
0.42495632368 0.569716775343
0.446173511773 0.590925993372
0.446171901577 0.560925993415
0.476171901577 0.560925993415
0.49738908967 0.582135211445
0.518606277764 0.603344429474
0.539823465857 0.624553647503
0.51860855462 0.603342152007
0.54860855462 0.603342152007
0.548613385208 0.633342151618
0.578613385208 0.633342151618
0.578611775012 0.603342151661
0.5786166056 0.633342151272
0.599829239738 0.612128378554
0.599834070326 0.642128378165
0.629834070326 0.642128378165
0.629838900915 0.672128377776
0.659838900915 0.672128377776
0.689838900915 0.672128377776
0.711056089008 0.693337595805
0.732273277102 0.714546813835
0.753485911239 0.693333041116
0.732275554446 0.714549090812
0.711065197653 0.735765140509
0.732282385747 0.756974358538
