0.121217188093 0.121209218029
0.151217188093 0.121209218029
0.172429822231 0.0999954453109
0.193647010325 0.12120466334
0.172432099087 0.0999931678441
0.19364928718 0.121202385873
0.214866475274 0.142411603902
0.193651564036 0.121200108406
0.214868752129 0.142409326436
0.193653840891 0.12119783094
0.172443484098 0.142413880636
0.151228572861 0.12120238514
0.181228572861 0.12120238514
0.202441206998 0.0999886124217
0.223658395092 0.121197830451
0.193658395265 0.121201050843
0.172448038471 0.142417100539
0.142448038644 0.142420320932
0.163665226738 0.163629538961
0.193665226738 0.163629538961
0.193663616542 0.133629539004
0.19366844713 0.163629538615
0.193666836934 0.133629538658
0.214884025027 0.154838756687
0.214888855616 0.184838756298
0.184888855789 0.184841976691
0.214888855789 0.184841976691
0.236106043882 0.20605119472
0.206106044055 0.206054415112
0.236106044055 0.206054415112
0.206106044228 0.206057635505
0.236106044228 0.206057635505
0.266106044228 0.206057635505
0.296106044228 0.206057635505
0.296104434032 0.176057635548
0.29610926462 0.206057635159
0.296114095208 0.23605763477
0.326114095208 0.23605763477
0.356114095208 0.23605763477
0.386114095208 0.23605763477
0.364903738415 0.257273684466
0.364902128219 0.227273684509
0.334902128392 0.227276904902
0.334900518196 0.197276904945
0.356113152334 0.176063132227
0.356117982922 0.206063131838
0.35612281351 0.236063131449
0.334912456717 0.257279181145
0.364912456717 0.257279181145
0.394912456717 0.257279181145
0.36491245689 0.257282401537
0.39491245689 0.257282401537
0.373697545652 0.236070906041
0.373695935456 0.206070906084
0.394908569594 0.184857133366
0.394913400182 0.214857132977
0.364913400355 0.21486035337
0.386126034493 0.193646580651
0.386124424297 0.163646580695
0.35612442447 0.163649801087
0.334914067676 0.184865850783
0.356126701814 0.163652078065
0.377343889908 0.184861296094
0.398556524045 0.163647523376
0.398561354634 0.193647522987
0.377346443396 0.172436027491
0.347346443569 0.172439247883
0.368563631662 0.193648465912
0.368568462251 0.223648465523
0.347358105458 0.24486451522
0.347356495261 0.214864515263
0.326141584024 0.193653019767
0.347358772117 0.214862237796
0.326143860879 0.1936507423
0.347361048973 0.214859960329
0.368578237066 0.236069178358
0.347367880273 0.257285228054
0.32615752348 0.278501277751
0.304947166687 0.299717327447
0.334947166687 0.299717327447
0.364947166687 0.299717327447
0.394947166687 0.299717327447
0.41616435478 0.320926545476
0.437376988918 0.299712772758
0.416166632125 0.320928822454
0.394951720887 0.299717326958
0.416168908981 0.320926544987
0.437386097074 0.342135763016
0.458603285167 0.363344981045
0.479820473261 0.384554199075
0.479825303849 0.414554198686
0.479830134438 0.444554198297
0.479834965026 0.474554197908
0.479839795615 0.504554197519
0.479844626203 0.53455419713
0.479849456791 0.564554196741
0.479847846595 0.534554196784
0.449847846768 0.534557417177
0.479847846768 0.534557417177
0.509847846768 0.534557417177
0.509852677357 0.564557416788
0.539852677357 0.564557416788
0.539857507945 0.594557416399
0.569857507945 0.594557416399
0.548647151152 0.615773466095
0.578647151152 0.615773466095
0.57865198174 0.645773465706
0.578650371544 0.615773465749
0.578655202133 0.64577346536
0.608655202133 0.64577346536
0.62986783627 0.624559692642
0.629872666859 0.654559692253
0.629877497447 0.684559691864
0.659877497447 0.684559691864
0.659882328036 0.714559691475
0.689882328036 0.714559691475
0.711099516129 0.735768909504
0.732316704222 0.756978127534
