0.13 0.1
0.151217188093 0.121209218029
0.172429822231 0.0999954453109
0.151214910993 0.078783949815
0.172432099087 0.0999931678441
0.19364928718 0.121202385873
0.214866475274 0.142411603902
0.236083663367 0.163620821932
0.257296297505 0.142407049213
0.278513485598 0.163616267242
0.299730673692 0.184825485272
0.29973550428 0.214825484883
0.32973550428 0.214825484883
0.350952692373 0.236034702912
0.380952692373 0.236034702912
0.410952692373 0.236034702912
0.440952692373 0.236034702912
0.462165326511 0.214820930194
0.4621701571 0.244820929805
0.462174987688 0.274820929416
0.432174987861 0.274824149808
0.432179818449 0.304824149419
0.410964907211 0.283612653923
0.440964907211 0.283612653923
0.462182095305 0.304821871952
0.483399283398 0.326031089981
0.483404113987 0.356031089593
0.50462130208 0.377240307622
0.504626132669 0.407240307233
0.483411221431 0.386028811737
0.483416052019 0.416028811348
0.483420882608 0.446028810959
0.483425713196 0.47602881057
0.483430543785 0.506028810181
0.483435374373 0.536028809792
0.483440204961 0.566028809403
0.483438594765 0.536028809447
0.513438594765 0.536028809447
0.543438594765 0.536028809447
0.522228237972 0.557244859143
0.501017881179 0.578460908839
0.501016270983 0.548460908882
0.522228905121 0.527247136164
0.522233735709 0.557247135775
0.522238566298 0.587247135386
0.552238566298 0.587247135386
0.552243396886 0.617247134997
0.582243396886 0.617247134997
0.582248227474 0.647247134608
0.552248227647 0.647250355001
0.582248227647 0.647250355001
0.612248227647 0.647250355001
0.612253058236 0.677250354612
0.642253058236 0.677250354612
0.642257888824 0.707250354223
0.672257888824 0.707250354223
0.693475076918 0.728459572252
0.723475076918 0.728459572252
0.70226016568 0.707248076756
0.723477353773 0.728457294785
0.744694541867 0.749666512814
