0.121217188093 0.121209218029
0.142434376187 0.142418436058
0.172434376187 0.142418436058
0.19365156428 0.163627654087
0.22365156428 0.163627654087
0.223649954084 0.133627654131
0.244867142178 0.15483687216
0.21486714235 0.154840092552
0.24486714235 0.154840092552
0.244871972939 0.184840092163
0.266089161032 0.206049310192
0.287306349126 0.227258528221
0.287311179714 0.257258527833
0.287316010303 0.287258527444
0.308533198396 0.308467745473
0.3085315882 0.278467745516
0.329748776293 0.299676963545
0.350961410431 0.278463190827
0.372178598524 0.299672408856
0.393395786618 0.320881626885
0.414612974711 0.342090844914
0.435830162805 0.363300062943
0.457047350898 0.384509280973
0.457052181487 0.414509280584
0.457057012075 0.444509280195
0.457061842663 0.474509279806
0.478274476801 0.453295507088
0.457059565563 0.432084011592
0.478276753657 0.453293229621
0.478281584245 0.483293229232
0.448281584418 0.483296449624
0.478281584418 0.483296449624
0.478286415006 0.513296449235
0.478291245595 0.543296448846
0.508291245595 0.543296448846
0.508296076183 0.573296448458
0.508300906772 0.603296448069
0.529518094865 0.624505666098
0.550735282959 0.645714884127
0.571952471052 0.666924102156
0.571957301641 0.696924101767
0.593169935778 0.675710329049
0.623169935778 0.675710329049
0.644382569916 0.654496556331
0.644387400504 0.684496555942
0.665600034642 0.663282783223
0.686817222735 0.684492001253
0.708034410829 0.705701219282
0.729251598922 0.726910437311
0.759251598922 0.726910437311
