0.13 0.1
0.108785088762 0.0787885045041
0.0787850889351 0.0787917248964
0.100002277029 0.100000942926
0.121219465122 0.121210160955
0.100004553884 0.0999986654588
0.130004553884 0.0999986654588
0.151221741978 0.121207883488
0.172438930071 0.142417101517
0.193656118164 0.163626319546
0.214873306258 0.184835537575
0.244873306258 0.184835537575
0.266090494351 0.206044755604
0.287307682445 0.227253973634
0.308524870538 0.248463191663
0.329742058632 0.269672409692
0.308531701839 0.290888459388
0.338531701839 0.290888459388
0.359748889932 0.312097677417
0.380966078025 0.333306895446
0.402183266119 0.354516113476
0.423400454212 0.375725331505
0.444617642306 0.396934549534
0.465834830399 0.418143767563
0.465839660988 0.448143767174
0.487056849081 0.469352985203
0.465846492288 0.490569034899
0.444636135495 0.511785084596
0.465848769632 0.490571311877
0.444638412839 0.511787361573
0.474638412839 0.511787361573
0.474643243428 0.541787361185
0.495860431521 0.562996579214
0.525860431521 0.562996579214
0.504650074728 0.58421262891
0.525867262822 0.605421846939
0.495867262994 0.605425067331
0.517084451088 0.62663428536
0.538301639181 0.64784350339
0.559518827275 0.669052721419
0.538308470482 0.690268771115
0.517098113689 0.711484820811
0.547098113689 0.711484820811
0.577098113689 0.711484820811
0.607098113689 0.711484820811
0.637098113689 0.711484820811
0.658315301782 0.73269403884
0.679532489875 0.753903256869
0.700745124013 0.732689484151
0.721962312107 0.75389870218
