0.0787896432069 0.121216049696
0.100002277345 0.100002276978
0.121214911482 0.0787885042596
0.100004554689 0.100004553956
0.100009385278 0.130004553567
0.121222019415 0.108790780849
0.0912220195881 0.108794001241
0.0612220197609 0.108797221633
0.0824392078543 0.130006439662
0.103651841992 0.108792666944
0.124869030085 0.130001884973
0.103654118848 0.108790389477
0.0824437620546 0.130006439173
0.103656396192 0.108792666455
0.124873584286 0.130001884484
0.103658673048 0.108790388988
0.124875861141 0.129999607018
0.103660949904 0.108788111522
0.103659339707 0.0787881115649
0.103664170296 0.108788111176
0.124881358389 0.129997329205
0.103666447151 0.108785833709
0.124883635245 0.129995051738
0.154883635245 0.129995051738
0.184883635245 0.129995051738
0.206100823338 0.151204269767
0.227318011432 0.172413487797
0.206107654639 0.193629537493
0.227320288776 0.172415764775
0.24853747687 0.193624982804
0.248542307458 0.223624982415
0.248547138047 0.253624982026
0.26976432614 0.274834200055
0.248549414902 0.253622704559
0.278549414902 0.253622704559
0.278554245491 0.28362270417
0.308554245491 0.28362270417
0.338554245491 0.28362270417
0.368554245491 0.28362270417
0.398554245491 0.28362270417
0.377343888698 0.304838753866
0.377342278502 0.27483875391
0.398559466595 0.296047971939
0.428559466595 0.296047971939
0.449776654688 0.317257189968
0.449775044492 0.287257190011
0.449779875081 0.317257189622
0.470997063174 0.338466407651
0.492214251268 0.35967562568
0.513431439361 0.38088484371
0.534648627454 0.402094061739
0.564648627454 0.402094061739
0.564647017258 0.372094061782
0.534647017431 0.372097282174
0.504647017604 0.372100502567
0.525864205697 0.393309720596
0.504653848904 0.414525770292
0.525871036998 0.435734988321
0.555871036998 0.435734988321
0.577083671135 0.414521215603
0.598300859229 0.435730433632
0.598305689817 0.465730433243
0.598310520406 0.495730432854
0.577100163613 0.51694648255
0.607100163613 0.51694648255
0.607104994201 0.546946482161
0.607109824789 0.576946481772
0.607114655378 0.606946481384
0.577114655551 0.606949701776
0.607114655551 0.606949701776
0.628331843644 0.628158919805
0.649544477782 0.606945147087
0.679544477782 0.606945147087
0.67954930837 0.636945146698
0.700766496464 0.658154364727
0.721983684557 0.679363582756
0.743200872651 0.700572800785
0.743205703239 0.730572800396
