0.0787896432069 0.121216049696
0.108789643207 0.121216049696
0.138789643207 0.121216049696
0.168789643207 0.121216049696
0.198789643207 0.121216049696
0.228789643207 0.121216049696
0.2500068313 0.142425267725
0.220006831473 0.142428488118
0.241224019567 0.163637706147
0.26244120766 0.184846924176
0.283658395753 0.206056142205
0.304875583847 0.227265360234
0.32609277194 0.248474578263
0.326091161744 0.218474578307
0.347308349838 0.239683796336
0.31730835001 0.239687016728
0.338525538104 0.260896234757
0.308525538277 0.260899455149
0.32974272637 0.282108673179
0.350959914464 0.303317891208
0.320959914636 0.3033211116
0.34217710273 0.324530329629
0.363394290823 0.345739547658
0.384611478917 0.366948765687
0.40582866701 0.388157983717
0.405827056814 0.35815798376
0.427044244907 0.379367201789
0.39704424508 0.379370422181
0.418261433174 0.40057964021
0.439478621267 0.42178885824
0.40947862144 0.421792078632
0.430695809533 0.443001296661
0.451912997627 0.46421051469
0.47313018572 0.485419732719
0.473135016309 0.51541973233
0.443135016482 0.515422952723
0.464352204575 0.536632170752
0.443141847782 0.557848220448
0.464359035875 0.579057438477
0.434359036048 0.579060658869
0.455576224142 0.600269876899
0.476793412235 0.621479094928
0.498010600329 0.642688312957
0.519227788422 0.663897530986
0.540444976515 0.685106749015
0.570444976515 0.685106749015
0.600444976515 0.685106749015
0.630444976515 0.685106749015
0.660444976515 0.685106749015
0.681662164609 0.706315967044
0.702879352702 0.727525185074
0.724096540796 0.748734403103
