0.0999983898038 0.0700000000432
0.121215577897 0.0912092180724
0.121213967701 0.0612092181156
0.091213967874 0.0612124385079
0.0912187984624 0.091212438119
0.0612187986353 0.0912156585113
0.0912187986353 0.0912156585113
0.121218798635 0.0912156585113
0.142435986729 0.11242487654
0.163653174822 0.13363409457
0.163658005411 0.163634094181
0.163656395214 0.133634094224
0.193656395214 0.133634094224
0.214873583308 0.154843312253
0.236090771401 0.176052530282
0.257307959495 0.197261748311
0.278525147588 0.21847096634
0.299742335682 0.23968018437
0.320959523775 0.260889402399
0.299744612537 0.239677906903
0.329744612537 0.239677906903
0.350961800631 0.260887124932
0.372178988724 0.282096342961
0.402178988724 0.282096342961
0.402183819313 0.312096342572
0.423401007406 0.333305560601
0.444618195499 0.354514778631
0.444616585303 0.324514778674
0.465833773397 0.345723996703
0.444618862159 0.324512501207
0.444623692747 0.354512500818
0.465840880841 0.375721718847
0.465845711429 0.405721718458
0.465850542018 0.435721718069
0.444640185225 0.456937767766
0.423429828431 0.478153817462
0.453429828431 0.478153817462
0.432219471638 0.499369867158
0.453436659732 0.520579085187
0.474653847825 0.541788303216
0.495871035919 0.562997521245
0.517088224012 0.584206739274
0.495877867219 0.605422788971
0.525877867219 0.605422788971
0.547095055312 0.626632007
0.525884698519 0.647848056696
0.555884698519 0.647848056696
0.585884698519 0.647848056696
0.615884698519 0.647848056696
0.615889529108 0.677848056307
0.585889529281 0.677851276699
0.615889529281 0.677851276699
0.645889529281 0.677851276699
0.675889529281 0.677851276699
0.697102163418 0.656637503981
0.667102163591 0.656640724373
0.637102163764 0.656643944766
0.637106994352 0.686643944377
0.658324182446 0.707853162406
0.679541370539 0.729062380435
0.700758558633 0.750271598464
0.721975746726 0.771480816493
