0.121217188093 0.121209218029
0.151217188093 0.121209218029
0.172429822231 0.0999954453109
0.17243465282 0.129995444922
0.193647286957 0.108781672204
0.193652117546 0.138781671815
0.172437206308 0.117570176319
0.193649840445 0.0963564036006
0.193654671034 0.126356403212
0.193653060838 0.0963564032549
0.193657891426 0.126356402866
0.21487507952 0.147565620895
0.214873469323 0.117565620938
0.214878299912 0.147565620549
0.236095488005 0.168774838579
0.266095488005 0.168774838579
0.287312676099 0.189984056608
0.266102319306 0.211200106304
0.296102319306 0.211200106304
0.317314953443 0.189986333586
0.338532141537 0.211195551615
0.368532141537 0.211195551615
0.398532141537 0.211195551615
0.398536972125 0.241195551226
0.428536972125 0.241195551226
0.428535361929 0.211195551269
0.428540192518 0.24119555088
0.449757380611 0.262404768909
0.428547023818 0.283620818605
0.398547023991 0.283624038998
0.428547023991 0.283624038998
0.449764212084 0.304833257027
0.470981400178 0.326042475056
0.470986230766 0.356042474667
0.492203418859 0.377251692696
0.492208249448 0.407251692307
0.492213080036 0.437251691919
0.492217910625 0.46725169153
0.492222741213 0.497251691141
0.492227571802 0.527251690752
0.49223240239 0.557251690363
0.513449590484 0.578460908392
0.513447980287 0.548460908435
0.49223306905 0.527249412939
0.492231458853 0.497249412983
0.492236289442 0.527249412594
0.49224112003 0.557249412205
0.513458308124 0.578458630234
0.534675496217 0.599667848263
0.555892684311 0.620877066292
0.534682327518 0.642093115988
0.564682327518 0.642093115988
0.594682327518 0.642093115988
0.624682327518 0.642093115988
0.624687158106 0.672093115599
0.624691988694 0.70209311521
0.645909176788 0.72330233324
0.675909176788 0.72330233324
0.705909176788 0.72330233324
0.727126364881 0.744511551269
