0.0787850887622 0.0787885045041
0.100002276856 0.0999977225332
0.121219464949 0.121206940562
0.142436653043 0.142416158592
0.112436653215 0.142419378984
0.133649287353 0.121205606266
0.154866475446 0.142414824295
0.133656118653 0.163630873991
0.154868752791 0.142417101273
0.133653841553 0.121205605777
0.154871029647 0.142414823806
0.184871029647 0.142414823806
0.20608821774 0.163624041835
0.227305405834 0.184833259864
0.248522593927 0.206042477893
0.278522593927 0.206042477893
0.29973978202 0.227251695922
0.320956970114 0.248460913952
0.350956970114 0.248460913952
0.380956970114 0.248460913952
0.402174158207 0.269670131981
0.423391346301 0.29087935001
0.444608534394 0.312088568039
0.444613364983 0.34208856765
0.46582599912 0.320874794932
0.465830829709 0.350874794543
0.465835660297 0.380874794154
0.465840490886 0.410874793765
0.465845321474 0.440874793376
0.465850152062 0.470874792987
0.465854982651 0.500874792598
0.465859813239 0.530874792209
0.465864643828 0.560874791821
0.487081831921 0.58208400985
0.508299020015 0.603293227879
0.529516208108 0.624502445908
0.499516208281 0.6245056663
0.499521038869 0.654505665911
0.499519428673 0.624505665955
0.529519428673 0.624505665955
0.559519428673 0.624505665955
0.580736616767 0.645714883984
0.610736616767 0.645714883984
0.640736616767 0.645714883984
0.619526259974 0.66693093368
0.649526259974 0.66693093368
0.670738894111 0.645717160962
0.6707437247 0.675717160573
0.670748555288 0.705717160184
0.691961189426 0.684503387466
0.691966020014 0.714503387077
0.691964409818 0.68450338712
0.691969240406 0.714503386731
0.713181874544 0.693289614013
0.691966963306 0.672078118517
0.7131841514 0.693287336546
0.734401339493 0.714496554575
0.755618527587 0.735705772604
