0.121217188093 0.121209218029
0.142434376187 0.142418436058
0.172434376187 0.142418436058
0.19365156428 0.163627654087
0.193656394869 0.193627653699
0.172441483631 0.172416158203
0.142441483804 0.172419378595
0.142439873608 0.142419378638
0.172439873608 0.142419378638
0.193657061701 0.163628596667
0.214874249795 0.184837814696
0.236086883932 0.163624041978
0.266086883932 0.163624041978
0.287304072026 0.184833260007
0.257304072198 0.1848364804
0.257302462002 0.154836480443
0.278519650096 0.176045698472
0.299736838189 0.197254916501
0.299741668778 0.227254916112
0.329741668778 0.227254916112
0.329746499366 0.257254915723
0.359746499366 0.257254915723
0.338536142573 0.278470965419
0.368536142573 0.278470965419
0.368540973161 0.308470965031
0.398540973161 0.308470965031
0.428540973161 0.308470965031
0.42854580375 0.338470964642
0.428550634338 0.368470964253
0.428549024142 0.338470964296
0.407338667349 0.359687013992
0.428551301487 0.338473241274
0.428556132075 0.368473240885
0.458556132075 0.368473240885
0.437345775282 0.389689290581
0.416135418489 0.410905340277
0.437352606582 0.432114558306
0.467352606582 0.432114558306
0.446142249789 0.453330608003
0.476142249789 0.453330608003
0.506142249789 0.453330608003
0.484931892996 0.474546657699
0.514931892996 0.474546657699
0.544931892996 0.474546657699
0.574931892996 0.474546657699
0.604931892996 0.474546657699
0.6049302828 0.444546657742
0.626147470893 0.465755875771
0.6049371141 0.486971925467
0.583726757307 0.508187975163
0.604943945401 0.529397193193
0.634943945401 0.529397193193
0.664943945401 0.529397193193
0.694943945401 0.529397193193
0.694948775989 0.559397192804
0.664948776162 0.559400413196
0.643738419369 0.580616462892
0.622523508131 0.559404967396
0.652523508131 0.559404967396
0.631308596893 0.5381934719
0.6100982401 0.559409521596
0.588883328863 0.538198026101
0.618883328863 0.538198026101
0.597668417625 0.516986530605
0.597666807429 0.486986530648
0.597671638017 0.516986530259
0.618888826111 0.538195748288
0.640106014204 0.559404966317
0.661323202297 0.580614184346
0.661328032886 0.610614183957
0.682545220979 0.631823401987
0.703762409073 0.653032620016
0.724979597166 0.674241838045
0.74619678526 0.695451056074
0.746201615848 0.725451055685
