0.100004830588 0.129999999611
0.130004830588 0.129999999611
0.108794473795 0.151216049307
0.138794473795 0.151216049307
0.168794473795 0.151216049307
0.198794473795 0.151216049307
0.220007107933 0.130002276589
0.220005497737 0.100002276632
0.220010328325 0.130002276243
0.190010328498 0.130005496636
0.211227516592 0.151214714665
0.232444704685 0.172423932694
0.253661892778 0.193633150723
0.274874526916 0.172419378005
0.29609171501 0.193628596034
0.317308903103 0.214837814063
0.347308903103 0.214837814063
0.347313733691 0.244837813674
0.317313733864 0.244841034066
0.347313733864 0.244841034066
0.377313733864 0.244841034066
0.377318564453 0.274841033678
0.377323395041 0.304841033289
0.37732822563 0.3348410329
0.40732822563 0.3348410329
0.386113314392 0.313629537404
0.38611814498 0.343629537015
0.407335333074 0.364838755044
0.428552521167 0.386047973073
0.449769709261 0.407257191102
0.470986897354 0.428466409131
0.500986897354 0.428466409131
0.530986897354 0.428466409131
0.560986897354 0.428466409131
0.539771986116 0.407254913636
0.569771986116 0.407254913636
0.548557074878 0.38604341814
0.518557075051 0.386046638532
0.539774263145 0.407255856561
0.509774263318 0.407259076953
0.530991451411 0.428468294983
0.560991451411 0.428468294983
0.590991451411 0.428468294983
0.590996281999 0.458468294594
0.620996281999 0.458468294594
0.621001112588 0.488468294205
0.621005943176 0.518468293816
0.651005943176 0.518468293816
0.651010773765 0.548468293427
0.651015604353 0.578468293038
0.681015604353 0.578468293038
0.65980524756 0.599684342734
0.659803637364 0.569684342777
0.681016271502 0.548470570059
0.68102110209 0.57847056967
0.681025932678 0.608470569281
0.711025932678 0.608470569281
0.689815575885 0.629686618977
0.659815576058 0.62968983937
0.681032764152 0.650899057399
0.702245398289 0.629685284681
0.723462586383 0.65089450271
0.744679774476 0.672103720739
0.76589696257 0.693312938768
0.787114150663 0.714522156797
