0.121217188093 0.121209218029
0.142434376187 0.142418436058
0.172434376187 0.142418436058
0.14243437636 0.142421656451
0.121219465122 0.121210160955
0.0912194652948 0.121213381347
0.112436653388 0.142422599376
0.112441483977 0.172422598987
0.142441483977 0.172422598987
0.121226572739 0.151211103491
0.151226572739 0.151211103491
0.172443760832 0.17242032152
0.202443760832 0.17242032152
0.232443760832 0.17242032152
0.25365639497 0.151206548802
0.253654784774 0.121206548845
0.253659615362 0.151206548456
0.253664445951 0.181206548068
0.253669276539 0.211206547679
0.253674107128 0.24120654729
0.253678937716 0.271206546901
0.25367732752 0.241206546944
0.274889961658 0.219992774226
0.274894792246 0.249992773837
0.274899622834 0.279992773448
0.274904453423 0.309992773059
0.304904453423 0.309992773059
0.334904453423 0.309992773059
0.356121641516 0.331201991088
0.386121641516 0.331201991088
0.40733882961 0.352411209117
0.428556017703 0.373620427146
0.449773205797 0.394829645176
0.428558294559 0.37361814968
0.449775482652 0.394827367709
0.470992670746 0.416036585738
0.492209858839 0.437245803767
0.492214689428 0.467245803378
0.513431877521 0.488455021407
0.534649065614 0.509664239437
0.513438708821 0.530880289133
0.513437098625 0.500880289176
0.543437098625 0.500880289176
0.543441929214 0.530880288787
0.573441929214 0.530880288787
0.603441929214 0.530880288787
0.582227017976 0.509668793291
0.603444206069 0.53087801132
0.624661394163 0.552087229349
0.624666224751 0.58208722896
0.654666224751 0.58208722896
0.684666224751 0.58208722896
0.68467105534 0.612087228572
0.705883689477 0.590873455853
0.684668778239 0.569661960357
0.684673608828 0.599661959968
0.705890796921 0.620871177998
0.727107985015 0.642080396027
0.748325173108 0.663289614056
0.769542361202 0.684498832085
0.790754995339 0.663285059367
0.760754995512 0.663288279759
0.781972183606 0.684497497788
0.803189371699 0.705706715817
