0.100004830588 0.129999999611
0.0700048307613 0.130003220003
0.0912220188547 0.151212438033
0.112439206948 0.172421656062
0.133656395042 0.193630874091
0.154873583135 0.21484009212
0.176090771228 0.236049310149
0.146090771401 0.236052530541
0.176090771401 0.236052530541
0.197307959495 0.257261748571
0.218525147588 0.2784709666
0.239742335682 0.299680184629
0.260959523775 0.320889402658
0.260964354363 0.350889402269
0.290964354363 0.350889402269
0.269749443126 0.329677906773
0.290966631219 0.350887124802
0.320966631219 0.350887124802
0.320965021023 0.320887124846
0.342182209116 0.342096342875
0.312182209289 0.342099563267
0.333399397383 0.363308781296
0.354616585476 0.384517999325
0.37583377357 0.405727217354
0.397050961663 0.426936435384
0.418268149756 0.448145653413
0.397053238519 0.426934157917
0.427053238519 0.426934157917
0.448270426612 0.448143375946
0.469487614706 0.469352593975
0.448277257912 0.490568643671
0.469494446006 0.5117778617
0.499494446006 0.5117778617
0.478284089213 0.532993911397
0.49949672335 0.511780138678
0.478286366557 0.532996188374
0.499503554651 0.554205406404
0.520720742744 0.575414624433
0.541937930838 0.596623842462
0.563155118931 0.617833060491
0.563153508735 0.587833060534
0.541943151942 0.60904911023
0.563160340035 0.63025832826
0.541949983242 0.651474377956
0.571949983242 0.651474377956
0.601949983242 0.651474377956
0.580739626449 0.672690427652
0.610739626449 0.672690427652
0.580739626622 0.672693648044
0.610739626622 0.672693648044
0.580739626795 0.672696868437
0.610739626795 0.672696868437
0.589529270002 0.693912918133
0.619529270002 0.693912918133
0.649529270002 0.693912918133
0.670741904139 0.672699145414
0.691959092233 0.693908363444
0.713176280326 0.715117581473
0.683176280499 0.715120801865
0.683174670303 0.685120801908
0.66196431351 0.706336851604
0.683181501603 0.727546069634
0.704398689697 0.748755287663
0.72561587779 0.769964505692
