0.0787850887622 0.0787885045041
0.0787899193507 0.108788504115
0.0575795625576 0.130004553811
0.0363646513198 0.108793058315
0.0663646513198 0.108793058315
0.0963646513198 0.108793058315
0.12636465132 0.108793058315
0.147577285457 0.0875792855971
0.168794473551 0.108788503626
0.168799304139 0.138788503237
0.190011938277 0.117574730519
0.190016768865 0.14757473013
0.190021599454 0.177574729741
0.220021599454 0.177574729741
0.241238787547 0.19878394777
0.262455975641 0.2199931658
0.283673163734 0.241202383829
0.304890351828 0.262411601858
0.326102985965 0.24119782914
0.347320174059 0.262407047169
0.368537362152 0.283616265198
0.389754550246 0.304825483227
0.410971738339 0.326034701256
0.440971738339 0.326034701256
0.410971738512 0.326037921649
0.4109765691 0.35603792126
0.410981399689 0.386037920871
0.410986230277 0.416037920482
0.410984620081 0.386037920525
0.410983009885 0.356037920568
0.440983009885 0.356037920568
0.440987840473 0.386037920179
0.440992671062 0.41603791979
0.44099750165 0.446037919401
0.462214689744 0.467247137431
0.44100433295 0.488463187127
0.462221521044 0.509672405156
0.483434155182 0.488458632438
0.504651343275 0.509667850467
0.525863977413 0.488454077749
0.547081165506 0.509663295778
0.5682983536 0.530872513807
0.589515541693 0.552081731836
0.5683051849 0.573297781532
0.5983051849 0.573297781532
0.577094828107 0.594513831228
0.5983120162 0.615723049257
0.568312016373 0.61572626965
0.589524650511 0.594512496931
0.589529481099 0.624512496543
0.610742115237 0.603298723824
0.63195930333 0.624507941853
0.66195930333 0.624507941853
0.631959303503 0.624511162246
0.661959303503 0.624511162246
0.661964134092 0.654511161857
0.691964134092 0.654511161857
0.691962523895 0.6245111619
0.670752167102 0.645727211596
0.670756997691 0.675727211207
0.691969631828 0.654513438489
0.670759275035 0.675729488185
0.700759275035 0.675729488185
0.730759275035 0.675729488185
0.751976463129 0.696938706214
0.721976463302 0.696941926607
0.743193651395 0.718151144636
