0.0787896432069 0.121216049696
0.0575792864138 0.142432099392
0.0363643751761 0.121220603896
0.015154018383 0.142436653593
0.015154018383 0.142436653593
0.0363666525206 0.121222880874
0.0151517412828 0.100011385378
0.0151565718713 0.130011384989
0.0363737599647 0.151220603019
0.0575909480582 0.172429821048
0.0788081361516 0.193639039077
0.07881296674 0.223639038688
0.100025600878 0.20242526597
0.121242788971 0.223634483999
0.151242788971 0.223634483999
0.130027877733 0.202422988503
0.151240511871 0.181209215785
0.172453146009 0.159995443066
0.193670334102 0.181204661096
0.214887522195 0.202413879125
0.236100156333 0.181200106406
0.257312790471 0.159986333688
0.236102433678 0.181202383384
0.206102433851 0.181205603777
0.227319621944 0.202414821806
0.248532256082 0.181201049088
0.269749444175 0.202410267117
0.290966632268 0.223619485146
0.320966632268 0.223619485146
0.320971462857 0.253619484757
0.29097146303 0.253622705149
0.290969852834 0.223622705192
0.290974683422 0.253622704804
0.312191871516 0.274831922833
0.342191871516 0.274831922833
0.320981514722 0.296047972529
0.350981514722 0.296047972529
0.350979904526 0.266047972572
0.380979904526 0.266047972572
0.410979904526 0.266047972572
0.43219709262 0.287257190601
0.432201923208 0.317257190212
0.462201923208 0.317257190212
0.440991566415 0.338473239908
0.410991566588 0.338476460301
0.380991566761 0.338479680693
0.410991566761 0.338479680693
0.440991566761 0.338479680693
0.419776655523 0.317268185197
0.398561744285 0.296056689701
0.377346833047 0.274845194205
0.398564021141 0.296054412234
0.377353664348 0.317270461931
0.398570852441 0.33847967996
0.398569242245 0.308479680003
0.377358885452 0.329695729699
0.37736371604 0.35969572931
0.377362105844 0.329695729353
0.356147194606 0.308484233857
0.356152025195 0.338484233469
0.334937113957 0.317272737973
0.356149748095 0.296058965254
0.386149748095 0.296058965254
0.407366936188 0.317268183284
0.386156579395 0.33848423298
0.356156579568 0.338487453372
0.356161410156 0.368487452983
0.386161410156 0.368487452983
0.364946498919 0.347275957487
0.364951329507 0.377275957098
0.33495132968 0.377279177491
0.36495132968 0.377279177491
0.39495132968 0.377279177491
0.394949719484 0.347279177534
0.373734808246 0.326067682038
0.373739638834 0.356067681649
0.343739639007 0.356070902041
0.343744469596 0.386070901652
0.343749300184 0.416070901263
0.343747689988 0.386070901307
0.373747689988 0.386070901307
0.403747689988 0.386070901307
0.433747689988 0.386070901307
0.463747689988 0.386070901307
0.484960324126 0.364857128588
0.463749967333 0.386073178285
0.493749967333 0.386073178285
0.514967155426 0.407282396314
0.536184343519 0.428491614343
0.566184343519 0.428491614343
0.587401531613 0.449700832372
0.587399921417 0.419700832415
0.60861710951 0.440910050444
0.629834297604 0.462119268473
0.651051485697 0.483328486503
0.67226867379 0.504537704532
0.642268673963 0.504540924924
0.663481308101 0.483327152206
0.663486138689 0.513327151817
0.684703326783 0.534536369846
0.714703326783 0.534536369846
0.684703326956 0.534539590238
0.663492970163 0.555755639935
0.663491359966 0.525755639978
0.66348974977 0.495755640021
0.684706937864 0.51696485805
0.705924125957 0.538174076079
0.705922515761 0.508174076122
0.727139703854 0.529383294152
0.748352337992 0.508169521433
0.727137426754 0.486958025937
0.727135816558 0.456958025981
0.748353004652 0.47816724401
0.74835783524 0.508167243621
0.748362665828 0.538167243232
0.769579853922 0.559376461261
0.748369497129 0.580592510957
0.727159140336 0.601808560653
0.748376328429 0.623017778683
0.727165971636 0.644233828379
0.72716436144 0.614233828422
0.748376995578 0.593020055704
0.769589629715 0.571806282985
0.790806817809 0.593015501015
0.769596461016 0.614231550711
0.748381549778 0.593020055215
0.769598737871 0.614229273244
0.748388381078 0.63544532294
0.727178024285 0.656661372636
0.727176414089 0.626661372679
0.748389048227 0.605447599961
0.718389048399 0.605450820354
0.739606236493 0.626660038383
0.76081887063 0.605446265664
0.782031504768 0.584232492946
0.752031504941 0.584235713338
0.773248693034 0.605444931368
0.773247082838 0.575444931411
0.773251913427 0.605444931022
0.752041556634 0.626660980718
0.782041556634 0.626660980718
0.760831199841 0.647877030414
0.739616288603 0.626665534918
0.760833476696 0.647874752947
0.78205066479 0.669083970977
0.760840307997 0.690300020673
0.739629951203 0.711516070369
0.760842585341 0.690302297651
0.782055219479 0.669088524932
0.760844862686 0.690304574629
0.782062050779 0.711513792658
