0.0787850887622 0.0787885045041
0.100002276856 0.0999977225332
0.130002276856 0.0999977225332
0.160002276856 0.0999977225332
0.181214910993 0.078783949815
0.181219741582 0.108783949426
0.211219741582 0.108783949426
0.232436929675 0.129993167455
0.253654117769 0.151202385484
0.274871305862 0.172411603513
0.253660949069 0.19362765321
0.274873583207 0.172413880491
0.274878413795 0.202413880102
0.296091047933 0.181200107384
0.296095878521 0.211200106995
0.326095878521 0.211200106995
0.32610070911 0.241200106606
0.326105539698 0.271200106217
0.356105539698 0.271200106217
0.356103929502 0.241200106261
0.37731656364 0.219986333542
0.398529197777 0.198772560824
0.398534028366 0.228772560435
0.368534028538 0.228775780828
0.347323671745 0.249991830524
0.347328502334 0.279991830135
0.317328502507 0.279995050527
0.347328502507 0.279995050527
0.377328502507 0.279995050527
0.377333333095 0.309995050138
0.398550521189 0.331204268167
0.428550521189 0.331204268167
0.458550521189 0.331204268167
0.479767709282 0.352413486196
0.500984897375 0.373622704226
0.522202085469 0.394831922255
0.543419273562 0.416041140284
0.573419273562 0.416041140284
0.552208916769 0.43725718998
0.552207306573 0.407257190023
0.582207306573 0.407257190023
0.603424494666 0.428466408052
0.582214137873 0.449682457749
0.612214137873 0.449682457749
0.612212527677 0.419682457792
0.642212527677 0.419682457792
0.620997616439 0.398470962296
0.642210250577 0.377257189578
0.642215081166 0.407257189189
0.642219911754 0.4372571888
0.642224742342 0.467257188411
0.672224742342 0.467257188411
0.642224742515 0.467260408803
0.642229573104 0.497260408414
0.672229573104 0.497260408414
0.693446761197 0.518469626443
0.693451591786 0.548469626055
0.672241234992 0.569685675751
0.702241234992 0.569685675751
0.702239624796 0.539685675794
0.702244455385 0.569685675405
0.702249285973 0.599685675016
0.723466474067 0.620894893045
0.744679108204 0.599681120327
0.723464196966 0.578469624831
0.693464197139 0.578472845223
0.714681385233 0.599682063253
0.69347102844 0.620898112949
0.693475859028 0.65089811256
0.663475859201 0.650901332952
0.663474249005 0.620901332995
0.693474249005 0.620901332995
0.714691437098 0.642110551024
0.735908625192 0.663319769054
0.757125813285 0.684528987083
0.778343001379 0.705738205112
