0.121217188093 0.121209218029
0.0912171882663 0.121212438421
0.11243437636 0.142421656451
0.0912194651219 0.121210160955
0.112436653215 0.142419378984
0.0912217419776 0.121207883488
0.091226572566 0.151207883099
0.070016215773 0.172423932795
0.0912288499106 0.151210160077
0.112441484048 0.129996387359
0.0824414842211 0.129999607751
0.112441484221 0.129999607751
0.142441484221 0.129999607751
0.14244631481 0.159999607362
0.121235958016 0.181215657058
0.100025601223 0.202431706754
0.0700256013962 0.202434927147
0.0912382355339 0.181221154428
0.121238235534 0.181221154428
0.121236625338 0.151221154472
0.121235015142 0.121221154515
0.0912350153144 0.121224374907
0.0700201040766 0.100012879411
0.0488097472836 0.121228929107
0.048814577872 0.151228928718
0.0700317659654 0.172438146748
0.0912444001031 0.151224374029
0.112457034241 0.130010601311
0.142457034241 0.130010601311
0.121242123003 0.108799105815
0.121246953591 0.138799105426
0.142459587729 0.117585332708
0.121249230936 0.138801382404
0.142461865074 0.117587609686
0.142466695662 0.147587609297
0.163683883755 0.168796827326
0.163682273559 0.138796827369
0.184894907697 0.117583054651
0.214894907697 0.117583054651
0.236107541835 0.0963692819328
0.257324729928 0.117578499962
0.278541918021 0.138787717991
0.308541918021 0.138787717991
0.30854674861 0.168787717602
0.329759382748 0.147573944884
0.329764213336 0.177573944495
0.329769043924 0.207573944106
0.350981678062 0.186360171388
0.3721943122 0.16514639867
0.350983955407 0.186362448366
0.350988785995 0.216362447977
0.329778429202 0.237578497673
0.35099106334 0.216364724955
0.329780706547 0.237580774651
0.308570349753 0.258796824347
0.28735999296 0.280012874043
0.287358382764 0.250012874086
0.266143471526 0.22880137859
0.26614186133 0.198801378634
0.287359049424 0.220010596663
0.266144138186 0.198799101167
0.244929226948 0.177587605671
0.244927616752 0.147587605714
0.244926006556 0.117587605757
0.223715649763 0.138803655454
0.253715649763 0.138803655454
0.253714039567 0.108803655497
0.27493122766 0.130012873526
0.296148415754 0.151222091555
0.317365603847 0.172431309584
0.296150692609 0.151219814088
0.317367880703 0.172429032117
0.296152969465 0.151217536622
0.317370157558 0.172426754651
0.296155246321 0.151215259155
0.296160076909 0.181215258766
0.274949720116 0.202431308462
0.244949720289 0.202434528854
0.214949720462 0.202437749247
0.236166908555 0.223646967276
0.266166908555 0.223646967276
0.296166908555 0.223646967276
0.266166908728 0.223650187668
0.296166908728 0.223650187668
0.274956551935 0.244866237364
0.274954941739 0.214866237407
0.296172129832 0.236075455437
0.31738476397 0.214861682718
0.317389594558 0.244861682329
0.347389594558 0.244861682329
0.317389594731 0.244864902722
0.317394425319 0.274864902333
0.347394425319 0.274864902333
0.317394425492 0.274868122725
0.338611613586 0.296077340754
0.359828801679 0.317286558783
0.381045989773 0.338495776813
0.402263177866 0.359704994842
0.423480365959 0.380914212871
0.453480365959 0.380914212871
0.474697554053 0.4021234309
0.495914742146 0.423332648929
0.51713193024 0.444541866958
0.517136760828 0.474541866569
0.517141591417 0.50454186618
0.51713998122 0.474541866224
0.538352615358 0.453328093505
0.51713770412 0.432116598009
0.517142534709 0.462116597621
0.517147365297 0.492116597232
0.517152195886 0.522116596843
0.517157026474 0.552116596454
0.538374214568 0.573325814483
0.559591402661 0.594535032512
0.580808590754 0.615744250541
0.602021224892 0.594530477823
0.572021225065 0.594533698215
0.593233859203 0.573319925497
0.593238689791 0.603319925108
0.593243520379 0.633319924719
0.572028609142 0.612108429223
0.593245797235 0.633317647252
0.614458431373 0.612103874534
0.614463261961 0.642103874145
0.635675896099 0.620890101427
0.635680726687 0.650890101038
0.665680726687 0.650890101038
0.665685557276 0.680890100649
0.686902745369 0.702099318678
0.665687834131 0.680887823182
0.686905022225 0.702097041212
0.686903412029 0.672097041255
0.708120600122 0.693306259284
0.729337788215 0.714515477313
0.750554976309 0.735724695342
