0.0787896432069 0.121216049696
0.1000068313 0.142425267725
0.121224019394 0.163634485754
0.100009108156 0.142422990259
0.121221742294 0.12120921754
0.0912217424665 0.121212437933
0.0700113856734 0.142428487629
0.100011385673 0.142428487629
0.121228573767 0.163637705658
0.142441207905 0.14242393294
0.142439597708 0.112423932983
0.163652231846 0.0912101602646
0.184869419939 0.112419378294
0.206086608033 0.133628596323
0.236086608033 0.133628596323
0.257303796126 0.154837814352
0.27852098422 0.176047032381
0.299738172313 0.19725625041
0.320955360407 0.218465468439
0.32095375021 0.188465468483
0.342170938304 0.209674686512
0.363388126397 0.230883904541
0.384605314491 0.25209312257
0.363394957698 0.273309172266
0.384612145791 0.294518390295
0.405829333885 0.315727608325
0.427046521978 0.336936826354
0.405836165185 0.35815287605
0.405840995773 0.388152875661
0.435840995773 0.388152875661
0.435845826362 0.418152875272
0.43585065695 0.448152874883
0.435855487539 0.478152874494
0.435860318127 0.508152874105
0.435865148715 0.538152873716
0.457082336809 0.559362091746
0.478299524902 0.580571309775
0.499516712996 0.601780527804
0.520733901089 0.622989745833
0.541951089183 0.644198963862
0.511951089356 0.644202184254
0.511955919944 0.674202183866
0.481955920117 0.674205404258
0.45195592029 0.67420862465
0.48195592029 0.67420862465
0.51195592029 0.67420862465
0.533168554427 0.652994851932
0.563168554427 0.652994851932
0.593168554427 0.652994851932
0.623168554427 0.652994851932
0.653168554427 0.652994851932
0.683168554427 0.652994851932
0.683173385016 0.682994851543
0.713173385016 0.682994851543
0.713178215604 0.712994851154
0.734395403698 0.734204069183
