0.121217188093 0.121209218029
0.0912171882663 0.121212438421
0.11243437636 0.142421656451
0.14243437636 0.142421656451
0.112434376533 0.142424876843
0.0824343767054 0.142428097235
0.103651564799 0.163637315264
0.124864198936 0.142423542546
0.12486258874 0.112423542589
0.124867419329 0.1424235422
0.146084607422 0.16363276023
0.167301795516 0.184841978259
0.197301795516 0.184841978259
0.227301795516 0.184841978259
0.257301795516 0.184841978259
0.227301795688 0.184845198651
0.257301795688 0.184845198651
0.278514429826 0.163631425933
0.29973161792 0.184840643962
0.320948806013 0.206049861991
0.350948806013 0.206049861991
0.372165994106 0.22725908002
0.342165994279 0.227262300412
0.372165994279 0.227262300412
0.342165994452 0.227265520805
0.342170825041 0.257265520416
0.363388013134 0.278474738445
0.393388013134 0.278474738445
0.414605201227 0.299683956474
0.435822389321 0.320893174503
0.457035023459 0.299679401785
0.457039854047 0.329679401396
0.47825704214 0.350888619425
0.478261872729 0.380888619036
0.499479060822 0.402097837065
0.469479060995 0.402101057458
0.469483891584 0.432101057069
0.490701079677 0.453310275098
0.490705910265 0.483310274709
0.490710740854 0.51331027432
0.490715571442 0.543310273931
0.511932759536 0.56451949196
0.533149947629 0.58572870999
0.533148337433 0.555728710033
0.533153168021 0.585728709644
0.503153168194 0.585731930036
0.524370356288 0.606941148065
0.545587544381 0.628150366094
0.566804732475 0.649359584124
0.588017366612 0.628145811405
0.588022197201 0.658145811016
0.618022197201 0.658145811016
0.639234831338 0.636932038298
0.639239661927 0.666932037909
0.639244492515 0.69693203752
0.669244492515 0.69693203752
0.690461680609 0.71814125555
0.690466511197 0.748141255161
0.669256154404 0.769357304857
0.690468788542 0.748143532139
0.711685976635 0.769352750168
