0.100004830588 0.129999999611
0.130004830588 0.129999999611
0.160004830588 0.129999999611
0.130004830761 0.130003220003
0.160004830761 0.130003220003
0.181222018855 0.151212438033
0.211222018855 0.151212438033
0.181222019028 0.151215658425
0.211222019028 0.151215658425
0.232434653165 0.130001885707
0.211219741927 0.108790390211
0.232436930021 0.12999960824
0.253654118114 0.151208826269
0.274871306208 0.172418044298
0.296083940345 0.15120427158
0.326083940345 0.15120427158
0.304873583552 0.172420321276
0.274873583725 0.172423541668
0.253663226932 0.193639591364
0.283663226932 0.193639591364
0.253663227105 0.193642811757
0.274875861243 0.172429039038
0.304875861243 0.172429039038
0.334875861243 0.172429039038
0.364875861243 0.172429039038
0.386093049336 0.193638257068
0.416093049336 0.193638257068
0.437310237429 0.214847475097
0.437308627233 0.18484747514
0.458521261371 0.163633702422
0.428521261544 0.163636922814
0.407310904751 0.18485297251
0.428523538888 0.163639199792
0.428528369477 0.193639199403
0.428533200065 0.223639199014
0.428538030654 0.253639198625
0.449755218747 0.274848416654
0.449760049336 0.304848416265
0.428549692542 0.326064465962
0.398549692715 0.326067686354
0.419766880809 0.347276904383
0.440984068902 0.368486122412
0.462201256996 0.389695340441
0.462199646799 0.359695340485
0.440989290006 0.380911390181
0.419774378769 0.359699894685
0.419772768572 0.329699894728
0.440989956666 0.350909112757
0.462207144759 0.372118330786
0.483424332853 0.393327548815
0.483429163441 0.423327548427
0.48343399403 0.453327548038
0.462219082792 0.432116052542
0.46222391338 0.462116052153
0.49222391338 0.462116052153
0.492228743969 0.492116051764
0.492227133773 0.462116051807
0.492231964361 0.492116051418
0.522231964361 0.492116051418
0.522236794949 0.522116051029
0.543453983043 0.543325269058
0.52224362625 0.564541318755
0.55224362625 0.564541318755
0.552248456838 0.594541318366
0.552246846642 0.564541318409
0.522246846815 0.564544538801
0.552246846815 0.564544538801
0.582246846815 0.564544538801
0.561036490022 0.585760588497
0.531036490195 0.58576380889
0.552249124332 0.564550036171
0.552247514136 0.534550036215
0.57346470223 0.555759254244
0.594681890323 0.576968472273
0.615899078416 0.598177690302
0.637111712554 0.576963917584
0.615901355761 0.59817996728
0.594690998968 0.619396016976
0.573480642175 0.640612066672
0.594693276313 0.619398293954
0.564693276485 0.619401514346
0.594693276485 0.619401514346
0.564693276658 0.619404734739
0.585905910796 0.59819096202
0.564690999558 0.576979466524
0.564695830147 0.606979466135
0.543480918909 0.58576797064
0.522266007671 0.564556475144
0.501051096433 0.543344979648
0.501049486237 0.513344979691
0.531049486237 0.513344979691
0.55226667433 0.53455419772
0.552265064134 0.504554197763
0.552263453938 0.474554197807
0.531053097145 0.495770247503
0.561053097145 0.495770247503
0.539842740352 0.516986297199
0.56105537449 0.495772524481
0.539845017697 0.516988574177
0.561057651834 0.495774801458
0.539847295041 0.516990851155
0.561059929179 0.495777078436
0.539849572386 0.516993128133
0.539854402974 0.546993127744
0.539852792778 0.516993127787
0.561065426916 0.495779355069
0.539855070123 0.516995404765
0.539853459926 0.486995404808
0.539858290515 0.516995404419
0.539863121103 0.54699540403
0.561080309197 0.568204622059
0.58229749729 0.589413840088
0.61229749729 0.589413840088
0.612302327879 0.6194138397
0.642302327879 0.6194138397
0.642307158467 0.649413839311
0.66352434656 0.67062305734
0.69352434656 0.67062305734
0.672313989767 0.691839107036
0.651103632974 0.713055156732
0.681103632974 0.713055156732
0.702320821068 0.734264374761
0.702319210872 0.704264374804
0.681108854078 0.725480424501
0.702326042172 0.74668964253
0.702324431976 0.716689642573
0.681114075183 0.737905692269
0.702331263276 0.759114910298
0.72354845137 0.780324128327
