0.121217188093 0.121209218029
0.100002276856 0.0999977225332
0.121219464949 0.121206940562
0.151219464949 0.121206940562
0.181219464949 0.121206940562
0.202436653043 0.142416158592
0.223653841136 0.163625376621
0.223658671724 0.193625376232
0.223663502313 0.223625375843
0.244880690406 0.244834593872
0.223670333613 0.266050643568
0.244882967751 0.24483687085
0.223672610958 0.266052920546
0.244885245095 0.244839147828
0.266097879233 0.22362537511
0.287315067326 0.244834593139
0.287319897915 0.27483459275
0.266109541122 0.296050642446
0.26611437171 0.326050642057
0.266119202299 0.356050641668
0.296119202299 0.356050641668
0.274904291061 0.334839146172
0.274902680865 0.304839146215
0.304902680865 0.304839146215
0.283692324072 0.326055195912
0.313692324072 0.326055195912
0.343692324072 0.326055195912
0.373692324072 0.326055195912
0.403692324072 0.326055195912
0.424909512165 0.347264413941
0.394909512338 0.347267634333
0.416126700431 0.368476852362
0.437343888525 0.389686070391
0.458561076618 0.41089528842
0.479773710756 0.389681515702
0.500990898849 0.410890733731
0.522208086943 0.43209995176
0.543425275036 0.45330916979
0.56464246313 0.474518387819
0.59464246313 0.474518387819
0.573432106337 0.495734437515
0.59464929443 0.516943655544
0.615866482523 0.538152873573
0.637083670617 0.559362091602
0.615873313824 0.580578141299
0.637090501917 0.601787359328
0.637088891721 0.571787359371
0.658306079814 0.5929965774
0.679523267908 0.614205795429
0.649523268081 0.614209015821
0.670740456174 0.635418233851
0.649525544936 0.614206738355
0.67074273303 0.635415956384
0.691959921123 0.656625174413
0.713177109217 0.677834392442
0.73439429731 0.699043610471
0.713179386072 0.677832114975
0.734396574166 0.699041333005
0.713186217373 0.720257382701
0.734403405466 0.74146660073
