0.100004830588 0.129999999611
0.100003220392 0.0999999996543
0.0787883091545 0.0787885041584
0.100000943292 0.0575747314401
0.100005773881 0.0875747310512
0.0700057740534 0.0875779514435
0.100005774053 0.0875779514435
0.100010604642 0.117577951055
0.130010604642 0.117577951055
0.100010604815 0.117581171447
0.130010604815 0.117581171447
0.100010604988 0.117584391839
0.130010604988 0.117584391839
0.130008994791 0.0875843918824
0.13001382538 0.117584391493
0.130018655968 0.147584391105
0.160018655968 0.147584391105
0.160023486557 0.177584390716
0.190023486557 0.177584390716
0.168808575319 0.15637289522
0.198808575319 0.15637289522
0.220025763412 0.177582113249
0.241242951506 0.198791331278
0.262460139599 0.220000549307
0.283672773737 0.198786776589
0.30488996183 0.219995994618
0.326107149924 0.241205212647
0.347324338017 0.262414430676
0.368541526111 0.283623648706
0.389758714204 0.304832866735
0.410975902298 0.326042084764
0.432193090391 0.347251302793
0.410978179153 0.326039807297
0.410983009742 0.356039806908
0.432200197835 0.377249024937
0.432198587639 0.34724902498
0.432203418227 0.377249024592
0.432208248816 0.407249024203
0.410993337578 0.386037528707
0.410998168166 0.416037528318
0.411002998755 0.446037527929
0.441002998755 0.446037527929
0.441007829343 0.47603752754
0.411007829516 0.476040747932
0.43222501761 0.497249965961
0.453442205703 0.518459183991
0.432227294465 0.497247688495
0.411016937672 0.518463738191
0.441016937672 0.518463738191
0.471016937672 0.518463738191
0.441016937845 0.518466958583
0.419806581052 0.539683008279
0.449806581052 0.539683008279
0.479806581052 0.539683008279
0.509806581052 0.539683008279
0.488591669814 0.518471512783
0.467381313021 0.53968756248
0.488598501115 0.560896780509
0.518598501115 0.560896780509
0.548598501115 0.560896780509
0.578598501115 0.560896780509
0.608598501115 0.560896780509
0.638598501115 0.560896780509
0.617388144321 0.582112830205
0.647388144321 0.582112830205
0.677388144321 0.582112830205
0.656177787528 0.603328879901
0.686177787528 0.603328879901
0.707394975622 0.62453809793
0.728612163715 0.645747315959
0.749824797853 0.624533543241
0.779824797853 0.624533543241
0.749824798026 0.624536763633
0.779824798026 0.624536763633
0.809824798026 0.624536763633
0.788614441233 0.64575281333
0.76740408444 0.666968863026
0.767408915028 0.696968862637
0.788621549166 0.675755089919
0.809838737259 0.696964307948
0.788628380466 0.718180357644
