0.121217188093 0.121209218029
0.142429822231 0.0999954453109
0.163647010325 0.12120466334
0.184859644462 0.0999908906218
0.206076832556 0.121200108651
0.227289466693 0.0999863359326
0.248506654787 0.121195553962
0.26972384288 0.142404771991
0.269728673469 0.172404771602
0.290945861562 0.193613989631
0.320945861562 0.193613989631
0.350945861562 0.193613989631
0.380945861562 0.193613989631
0.402163049655 0.21482320766
0.380948138418 0.193611712164
0.402165326511 0.214820930194
0.423382514605 0.236030148223
0.444599702698 0.257239366252
0.465816890791 0.278448584281
0.487034078885 0.29965780231
0.465819167647 0.278446306814
0.465817557451 0.248446306857
0.444602646213 0.227234811362
0.444607476802 0.257234810973
0.423397120008 0.278450860669
0.453397120008 0.278450860669
0.423397120181 0.278454081061
0.402182208944 0.257242585565
0.423399397037 0.278451803594
0.453399397037 0.278451803594
0.474612031175 0.257238030876
0.474616861763 0.287238030487
0.474615251567 0.25723803053
0.474620082155 0.287238030141
0.474624912744 0.317238029753
0.474629743332 0.347238029364
0.49584237747 0.326024256645
0.495847208058 0.356024256256
0.474632296821 0.33481276076
0.495849484914 0.35602197879
0.495847874718 0.326021978833
0.495852705306 0.356021978444
0.495857535895 0.386021978055
0.517074723988 0.407231196084
0.517079554577 0.437231195695
0.517084385165 0.467231195306
0.517089215753 0.497231194917
0.538301849891 0.476017422199
0.53830668048 0.50601742181
0.538311511068 0.536017421421
0.51709659983 0.514805925925
0.517101430419 0.544805925537
0.517106261007 0.574805925148
0.547106261007 0.574805925148
0.547111091596 0.604805924759
0.547115922184 0.63480592437
0.547120752772 0.664805923981
0.577120752772 0.664805923981
0.577125583361 0.694805923592
0.607125583361 0.694805923592
0.607130413949 0.724805923203
0.585915502711 0.703594427707
0.555915502884 0.703597648099
0.555913892688 0.673597648143
0.585913892688 0.673597648143
0.615913892688 0.673597648143
0.615918723277 0.703597647754
0.645918723277 0.703597647754
0.675918723277 0.703597647754
0.69713591137 0.724806865783
0.718353099463 0.746016083812
