0.100004830588 0.129999999611
0.121217464726 0.108786226893
0.14243465282 0.129995444922
0.112434652992 0.129998665314
0.13364728713 0.108784892596
0.112436930337 0.130000942292
0.142436930337 0.130000942292
0.142441760925 0.160000941903
0.172441760925 0.160000941903
0.151231404132 0.181216991599
0.181231404132 0.181216991599
0.181236234721 0.211216991211
0.202453422814 0.23242620924
0.223670610908 0.253635427269
0.244887799001 0.274844645298
0.266104987094 0.296053863327
0.266103376898 0.26605386337
0.266108207487 0.296053862981
0.287320841624 0.274840090263
0.308538029718 0.296049308292
0.278538029891 0.296052528685
0.308538029891 0.296052528685
0.287323118653 0.274841033189
0.287327949241 0.3048410328
0.317327949241 0.3048410328
0.287327949414 0.304844253192
0.287326339218 0.274844253235
0.308543527311 0.296053471264
0.338543527311 0.296053471264
0.368543527311 0.296053471264
0.347333170518 0.317269520961
0.377333170518 0.317269520961
0.398550358612 0.33847873899
0.428550358612 0.33847873899
0.398550358785 0.338481959382
0.419767546878 0.359691177411
0.419772377467 0.389691177022
0.389772377639 0.389694397415
0.389777208228 0.419694397026
0.389782038816 0.449694396637
0.359782038989 0.449697617029
0.389782038989 0.449697617029
0.389786869578 0.47969761664
0.410999503715 0.458483843922
0.389789146922 0.479699893618
0.389793977511 0.509699893229
0.411011165604 0.530909111258
0.411015996192 0.560909110869
0.43222863033 0.539695338151
0.46222863033 0.539695338151
0.462233460919 0.569695337762
0.441023104125 0.590911387458
0.411023104298 0.590914607851
0.389812747505 0.612130657547
0.419812747505 0.612130657547
0.449812747505 0.612130657547
0.479812747505 0.612130657547
0.509812747505 0.612130657547
0.509817578094 0.642130657158
0.509815967897 0.612130657201
0.539815967897 0.612130657201
0.561033155991 0.63333987523
0.561037986579 0.663339874841
0.582255174673 0.68454909287
0.603472362766 0.7057583109
0.633472362766 0.7057583109
0.65468955086 0.726967528929
0.675906738953 0.748176746958
0.697123927047 0.769385964987
0.727123927047 0.769385964987
