0.13 0.1
0.130004830588 0.129999999611
0.130009661177 0.159999999222
0.130014491765 0.189999998833
0.130019322354 0.219999998444
0.130024152942 0.249999998055
0.130028983531 0.279999997667
0.100028983703 0.280003218059
0.130028983703 0.280003218059
0.160028983703 0.280003218059
0.190028983703 0.280003218059
0.211246171797 0.301212436088
0.211251002385 0.331212435699
0.181251002558 0.331215656091
0.211251002558 0.331215656091
0.181251002731 0.331218876484
0.211251002731 0.331218876484
0.232468190824 0.352428094513
0.253685378918 0.373637312542
0.283685378918 0.373637312542
0.313685378918 0.373637312542
0.334898013056 0.352423539824
0.356115201149 0.373632757853
0.356120031737 0.403632757464
0.386120031737 0.403632757464
0.3649051205 0.382421261968
0.364903510304 0.352421262011
0.364901900107 0.322421262054
0.34368698887 0.301209766559
0.322476632076 0.322425816255
0.301266275283 0.343641865951
0.331266275283 0.343641865951
0.331264665087 0.313641865994
0.331269495676 0.343641865605
0.33126788548 0.313641865648
0.331272716068 0.343641865259
0.301272716241 0.343645085652
0.331272716241 0.343645085652
0.301272716414 0.343648306044
0.331272716414 0.343648306044
0.310057805176 0.322436810548
0.331270439314 0.30122303783
0.331275269902 0.331223037441
0.301275270075 0.331226257833
0.322487904212 0.310012485115
0.322492734801 0.340012484726
0.343705368939 0.318798712008
0.322490457701 0.297587216512
0.322495288289 0.327587216123
0.301280377051 0.306375720627
0.280070020258 0.327591770323
0.301287208352 0.348800988352
0.331287208352 0.348800988352
0.352499842489 0.327587215634
0.373712476627 0.306373442916
0.352502119834 0.327589492612
0.331287208596 0.306377997116
0.352499842734 0.285164224398
0.352504673322 0.315164224009
0.37371730746 0.293950451291
0.394934495553 0.31515966932
0.416147129691 0.293945896602
0.394936772898 0.315161946298
0.373726416105 0.336377995994
0.343726416278 0.336381216386
0.364939050415 0.315167443668
0.343724139178 0.293955948172
0.343728969766 0.323955947783
0.322514058528 0.302744452287
0.352514058528 0.302744452287
0.373731246622 0.323953670316
0.373729636426 0.293953670359
0.403729636426 0.293953670359
0.433729636426 0.293953670359
0.463729636426 0.293953670359
0.493729636426 0.293953670359
0.472519279632 0.315169720056
0.49373191377 0.293955947337
0.52373191377 0.293955947337
0.502521556977 0.315171997034
0.502519946781 0.285171997077
0.532519946781 0.285171997077
0.553732580919 0.263958224358
0.532522224125 0.285174274055
0.511311867332 0.306390323751
0.490096956095 0.285178828255
0.468886599302 0.306394877951
0.498886599302 0.306394877951
0.498884989105 0.276394877994
0.498883378909 0.246394878037
0.468883379082 0.24639809843
0.447673022289 0.267614148126
0.477673022289 0.267614148126
0.498890210382 0.288823366155
0.528890210382 0.288823366155
0.507679853589 0.310039415851
0.537679853589 0.310039415851
0.516469496796 0.331255465547
0.5164678866 0.301255465591
0.495257529807 0.322471515287
0.5164747179 0.343680733316
0.537687352038 0.322466960598
0.516476995245 0.343683010294
0.495262084007 0.322471514798
0.495260473811 0.292471514841
0.474050117018 0.313687564537
0.45283520578 0.292476069041
0.48283520578 0.292476069041
0.461620294542 0.271264573545
0.440409937749 0.292480623242
0.410409937922 0.292483843634
0.431627126016 0.313693061663
0.452839760153 0.292479288945
0.43162940336 0.313695338641
0.452846591454 0.33490455667
0.452844981257 0.304904556713
0.474062169351 0.326113774742
0.495279357444 0.347322992772
0.465279357617 0.347326213164
0.43527935779 0.347329433556
0.435284188378 0.377329433167
0.414073831585 0.398545482863
0.392863474792 0.41976153256
0.392868305381 0.449761532171
0.371657948588 0.470977581867
0.401657948588 0.470977581867
0.371657948761 0.470980802259
0.371656338564 0.440980802302
0.401656338564 0.440980802302
0.431656338564 0.440980802302
0.452873526658 0.462190020332
0.474090714751 0.483399238361
0.474089104555 0.453399238404
0.495306292649 0.474608456433
0.516523480742 0.495817674462
0.516521870546 0.465817674505
0.546521870546 0.465817674505
0.567739058639 0.487026892535
0.588956246733 0.508236110564
0.56774588994 0.52945216026
0.546530978702 0.508240664764
0.567748166795 0.529449882793
0.588965354889 0.550659100822
0.588963744693 0.520659100865
0.588962134496 0.490659100909
0.567747223259 0.469447605413
0.567745613062 0.439447605456
0.546535256269 0.460663655152
0.516535256442 0.460666875544
0.516540087031 0.490666875156
0.516538476834 0.460666875199
0.495328120041 0.481882924895
0.516540754179 0.460669152177
0.495330397386 0.481885201873
0.516543031524 0.460671429155
0.495332674731 0.481887478851
0.516545308868 0.460673706132
0.516543698672 0.430673706176
0.495333341879 0.451889755872
0.474122985086 0.473105805568
0.504122985086 0.473105805568
0.525340173179 0.494315023597
0.495340173352 0.494318243989
0.525340173352 0.494318243989
0.54655280749 0.473104471271
0.516552807663 0.473107691663
0.516551197466 0.443107691707
0.546551197466 0.443107691707
0.516551197639 0.443110912099
0.537768385733 0.464320130128
0.516553474495 0.443108634632
0.546553474495 0.443108634632
0.525338563257 0.421897139136
0.504123652019 0.40068564364
0.504128482608 0.430685643251
0.474128482781 0.430688863644
0.452913571543 0.409477368148
0.431698660305 0.388265872652
0.431703490894 0.418265872263
0.452920678987 0.439475090292
0.452919068791 0.409475090335
0.431708711998 0.430691140031
0.431713542586 0.460691139643
0.401713542759 0.460694360035
0.380503185966 0.481910409731
0.401715820104 0.460696637013
0.431715820104 0.460696637013
0.452928454241 0.439482864295
0.474145642335 0.460692082324
0.452935285542 0.48190813202
0.452933675346 0.451908132063
0.431723318552 0.473124181759
0.410508407315 0.451912686263
0.440508407315 0.451912686263
0.470508407315 0.451912686263
0.500508407315 0.451912686263
0.521725595408 0.473121904292
0.542942783502 0.494331122322
0.542941173305 0.464331122365
0.564158361399 0.485540340394
0.585375549492 0.506749558423
0.615375549492 0.506749558423
0.645375549492 0.506749558423
0.675375549492 0.506749558423
0.705375549492 0.506749558423
0.726592737586 0.527958776452
0.756592737586 0.527958776452
0.786592737586 0.527958776452
0.816592737586 0.527958776452
0.816597568174 0.557958776063
0.786597568347 0.557961996456
0.816597568347 0.557961996456
0.846597568347 0.557961996456
0.846595958151 0.527961996499
0.867813146244 0.549171214528
0.846598235006 0.527959719032
0.825383323769 0.506748223536
0.804168412531 0.48553672804
0.782953501293 0.464325232544
0.7617431445 0.48554128224
0.7917431445 0.48554128224
0.8217431445 0.48554128224
0.800528233262 0.464329786745
0.800533063851 0.494329786356
0.800537894439 0.524329785967
0.830537894439 0.524329785967
0.830542725028 0.554329785578
0.830547555616 0.584329785189
0.830552386204 0.6143297848
0.830557216793 0.644329784411
0.830555606597 0.614329784454
0.830560437185 0.644329784065
0.830558826989 0.614329784109
0.851771461127 0.59311601139
0.8217714613 0.593119231783
0.842988649393 0.614328449812
0.812988649566 0.614331670204
0.782988649739 0.614334890596
0.782987039543 0.58433489064
0.761776682749 0.605550940336
0.782993870843 0.626760158365
0.804206504981 0.605546385647
0.804211335569 0.635546385258
0.783000978776 0.656762434954
0.804218166869 0.677971652983
0.783007810076 0.699187702679
0.78300619988 0.669187702722
0.804218834018 0.647973930004
0.825436022111 0.669183148033
0.855436022111 0.669183148033
0.834225665318 0.690399197729
0.855438299456 0.669185425011
0.876655487549 0.69039464304
0.855445130756 0.711610692736
0.876657764894 0.690396920018
0.855447408101 0.711612969714
0.885447408101 0.711612969714
0.864237051308 0.732829019411
