0.13 0.1
0.151212634138 0.0787862272817
0.151217464726 0.108786226893
0.151222295315 0.138786226504
0.181222295315 0.138786226504
0.181227125903 0.168786226115
0.181225515707 0.138786226158
0.211225515707 0.138786226158
0.190015158914 0.160002275854
0.211232347007 0.181211493884
0.18123234718 0.181214714276
0.160017435942 0.16000321878
0.190017435942 0.16000321878
0.21123007008 0.138789446062
0.190019713287 0.160005495758
0.21123690138 0.181214713787
0.232454089474 0.202423931816
0.262454089474 0.202423931816
0.292454089474 0.202423931816
0.322454089474 0.202423931816
0.352454089474 0.202423931816
0.382454089474 0.202423931816
0.361239178236 0.18121243632
0.382456366329 0.202421654349
0.403673554423 0.223630872378
0.424890742516 0.244840090408
0.44610793061 0.266049308437
0.47610793061 0.266049308437
0.454893019372 0.244837812941
0.45489784996 0.274837812552
0.454902680549 0.304837812163
0.454907511137 0.334837811774
0.476124699231 0.356047029803
0.476129529819 0.386047029414
0.506129529819 0.386047029414
0.484919173026 0.407263079111
0.506136361119 0.42847229714
0.506134750923 0.398472297183
0.48492439413 0.419688346879
0.454924394303 0.419691567271
0.43371403751 0.440907616967
0.46371403751 0.440907616967
0.442503680717 0.462123666664
0.46372086881 0.483332884693
0.463719258614 0.453332884736
0.442508901821 0.474548934432
0.463721535959 0.453335161714
0.442511179166 0.47455121141
0.421300822372 0.495767261106
0.442518010466 0.516976479135
0.412518010639 0.516979699528
0.433735198732 0.538188917557
0.463735198732 0.538188917557
0.484952386826 0.559398135586
0.506169574919 0.580607353615
0.527386763013 0.601816571644
0.548603951106 0.623025789673
0.569821139199 0.644235007703
0.591038327293 0.665444225732
0.621038327293 0.665444225732
0.599823416055 0.644232730236
0.599828246643 0.674232729847
0.629828246643 0.674232729847
0.659828246643 0.674232729847
0.681045434737 0.695441947876
0.70226262283 0.716651165905
0.681047711593 0.695439670409
0.651047711765 0.695442890802
0.681047711765 0.695442890802
0.702264899859 0.716652108831
0.723482087952 0.73786132686
