0.100004830588 0.129999999611
0.130004830588 0.129999999611
0.160004830588 0.129999999611
0.138789919351 0.108788504115
0.117579562558 0.130004553811
0.0875795627304 0.130007774204
0.11757956273 0.130007774204
0.0875795629033 0.130010994596
0.0575795630761 0.130014214988
0.0575843936646 0.160014214599
0.0787970278022 0.138800441881
0.0575821165644 0.117588946385
0.0787993046579 0.138798164414
0.100016492751 0.160007382443
0.121229126889 0.138793609725
0.142441761027 0.117579837007
0.14244015083 0.0875798370501
0.121229794037 0.108795886746
0.151229794037 0.108795886746
0.181229794037 0.108795886746
0.211229794037 0.108795886746
0.232442428175 0.087582114028
0.211232071382 0.108798163724
0.190021714589 0.13001421342
0.211234348726 0.108800440702
0.211239179315 0.138800440313
0.211237569119 0.108800440356
0.232454757212 0.130009658386
0.25366739135 0.108795885667
0.253672221938 0.138795885278
0.283672221938 0.138795885278
0.304889410032 0.160005103307
0.30489424062 0.190005102919
0.304899071209 0.22000510253
0.283684159971 0.198793607034
0.253684160144 0.198796827426
0.253682549948 0.168796827469
0.274895184085 0.147583054751
0.296112372179 0.16879227278
0.317329560272 0.190001490809
0.296114649034 0.168789995313
0.317327283172 0.147576222595
0.338544471265 0.168785440624
0.359761659359 0.189994658653
0.380978847452 0.211203876683
0.402196035546 0.232413094712
0.402200866134 0.262413094323
0.423418054228 0.283622312352
0.423416444031 0.253622312395
0.444633632125 0.274831530424
0.444632021929 0.244831530467
0.444636852517 0.274831530079
0.465854040611 0.296040748108
0.487071228704 0.317249966137
0.508288416797 0.338459184166
0.487078060004 0.359675233862
0.508295248098 0.380884451891
0.529512436191 0.40209366992
0.550725070329 0.380879897202
0.550729900917 0.410879896813
0.571942535055 0.389666124095
0.571947365643 0.419666123706
0.571952196232 0.449666123317
0.57195702682 0.479666122928
0.550742115582 0.458454627432
0.529527204345 0.437243131936
0.529532034933 0.467243131548
0.529536865522 0.497243131159
0.52954169611 0.52724313077
0.529546526698 0.557243130381
0.508331615461 0.536031634885
0.529548803554 0.557240852914
0.550765991648 0.578450070943
0.550764381451 0.548450070986
0.571981569545 0.569659289016
0.593198757638 0.590868507045
0.5719838464 0.569657011549
0.6019838464 0.569657011549
0.601988676989 0.59965701116
0.623205865082 0.620866229189
0.601990953845 0.599654733693
0.580780597051 0.620870783389
0.601997785145 0.642080001418
0.623214973238 0.663289219448
0.644432161332 0.684498437477
0.665649349425 0.705707655506
0.635649349598 0.705710875898
0.665649349598 0.705710875898
0.635649349771 0.70571409629
0.665649349771 0.70571409629
0.686866537864 0.72692331432
0.665651626627 0.705711818824
0.68686881472 0.726921036853
0.708086002813 0.748130254882
0.708090833402 0.778130254493
