0.0999983898038 0.0700000000432
0.0787880330108 0.0912160497394
0.0787928635992 0.12121604935
0.108792863599 0.12121604935
0.078792863772 0.121219269743
0.108792863772 0.121219269743
0.10879769436 0.151219269354
0.13879769436 0.151219269354
0.138802524949 0.181219268965
0.168802524949 0.181219268965
0.198802524949 0.181219268965
0.220019713042 0.202428486994
0.241236901136 0.223637705023
0.262454089229 0.244846923052
0.262458919818 0.274846922663
0.283676107911 0.296056140693
0.304893296005 0.317265358722
0.283678384767 0.296053863226
0.30489557286 0.317263081255
0.326112760954 0.338472299284
0.347329949047 0.359681517313
0.377329949047 0.359681517313
0.39854713714 0.380890735342
0.419764325234 0.402099953372
0.440981513327 0.423309171401
0.4109815135 0.423312391793
0.389771156707 0.444528441489
0.368560799914 0.465744491185
0.347345888676 0.444532995689
0.377345888676 0.444532995689
0.356135531883 0.465749045386
0.386135531883 0.465749045386
0.36492517509 0.486965095082
0.39492517509 0.486965095082
0.373714818297 0.508181144778
0.352504461504 0.529397194474
0.382504461504 0.529397194474
0.382509292092 0.559397194085
0.412509292092 0.559397194085
0.442509292092 0.559397194085
0.463726480186 0.580606412114
0.493726480186 0.580606412114
0.463726480359 0.580609632507
0.463724870162 0.55060963255
0.463723259966 0.520609632593
0.442512903173 0.541825682289
0.463730091267 0.563034900318
0.43373009144 0.563038120711
0.412519734646 0.584254170407
0.412524565235 0.614254170018
0.442524565235 0.614254170018
0.472524565235 0.614254170018
0.493741753328 0.635463388047
0.493740143132 0.60546338809
0.493738532936 0.575463388133
0.49373692274 0.545463388177
0.514954110833 0.566672606206
0.536166744971 0.545458833488
0.557383933064 0.566668051517
0.536173576271 0.587884101213
0.514963219478 0.609100150909
0.544963219478 0.609100150909
0.574963219478 0.609100150909
0.55374830824 0.587888655413
0.553753138829 0.617888655024
0.583753138829 0.617888655024
0.562542782036 0.63910470472
0.541332425243 0.660320754417
0.562549613336 0.681529972446
0.56254800314 0.651529972489
0.59254800314 0.651529972489
0.62254800314 0.651529972489
0.622552833728 0.6815299721
0.652552833728 0.6815299721
0.682552833728 0.6815299721
0.661337922491 0.660318476604
0.682555110584 0.681527694633
0.703772298678 0.702736912662
0.724989486771 0.723946130692
0.746206674864 0.745155348721
