0.121217188093 0.121209218029
0.151217188093 0.121209218029
0.181217188093 0.121209218029
0.202434376187 0.142418436058
0.223647010325 0.12120466334
0.244864198418 0.142413881369
0.266081386511 0.163623099398
0.287298574605 0.184832317427
0.308515762698 0.206041535457
0.28730085146 0.184830039961
0.31730085146 0.184830039961
0.34730085146 0.184830039961
0.317300851633 0.184833260353
0.317305682222 0.214833259964
0.287305682395 0.214836480356
0.317305682395 0.214836480356
0.347305682395 0.214836480356
0.377305682395 0.214836480356
0.377310512983 0.244836479967
0.35610015619 0.266052529664
0.38610015619 0.266052529664
0.386104986778 0.296052529275
0.386109817367 0.326052528886
0.40732700546 0.347261746915
0.377327005633 0.347264967307
0.398544193727 0.368474185336
0.41976138182 0.389683403366
0.440978569913 0.410892621395
0.462195758007 0.432101839424
0.4834129461 0.453311057453
0.5134129461 0.453311057453
0.534630134194 0.474520275482
0.555847322287 0.495729493511
0.534632411049 0.474517998015
0.555845045187 0.453304225297
0.534630133949 0.432092729801
0.564630133949 0.432092729801
0.543415222711 0.410881234305
0.5434200533 0.440881233916
0.564637241393 0.462090451946
0.564635631197 0.432090451989
0.594635631197 0.432090451989
0.594640461786 0.4620904516
0.624640461786 0.4620904516
0.624645292374 0.492090451211
0.624650122963 0.522090450822
0.603435211725 0.500878955326
0.624647845862 0.479665182608
0.624652676451 0.509665182219
0.624657507039 0.53966518183
0.645870141177 0.518451409112
0.645874971765 0.548451408723
0.645879802354 0.578451408334
0.645884632942 0.608451407945
0.615884633115 0.608454628337
0.645884633115 0.608454628337
0.675884633115 0.608454628337
0.675889463704 0.638454627948
0.697106651797 0.659663845978
0.71832383989 0.680873064007
0.739536474028 0.659659291288
0.71832156279 0.638447795792
0.688321562963 0.638451016185
0.658321563136 0.638454236577
0.679538751229 0.659663454606
0.700755939323 0.680872672635
0.67954558253 0.702088722332
0.700762770623 0.723297940361
0.721979958717 0.74450715839
