0.13 0.1
0.16 0.1
0.160004830588 0.129999999611
0.190004830588 0.129999999611
0.211222018682 0.15120921764
0.211220408486 0.121209217683
0.232437596579 0.142418435713
0.253654784673 0.163627653742
0.274871972766 0.184836871771
0.296089160859 0.2060460898
0.274874249622 0.184834594304
0.304874249622 0.184834594304
0.334874249622 0.184834594304
0.364874249622 0.184834594304
0.394874249622 0.184834594304
0.364874249795 0.184837814696
0.386091437888 0.206047032726
0.407308625981 0.227256250755
0.386098269188 0.248472300451
0.386096658992 0.218472300494
0.386095048796 0.188472300537
0.386099879384 0.218472300148
0.416099879384 0.218472300148
0.416104709973 0.248472299759
0.446104709973 0.248472299759
0.446109540561 0.278472299371
0.467322174699 0.257258526652
0.467327005287 0.287258526263
0.467331835876 0.317258525874
0.467336666464 0.347258525486
0.467341497053 0.377258525097
0.488558685146 0.398467743126
0.467348328353 0.419683792822
0.44613797156 0.440899842518
0.467350605698 0.4196860698
0.446140248905 0.440902119496
0.424929892111 0.462118169192
0.4249347227 0.492118168803
0.446151910793 0.513327386832
0.467369098887 0.534536604862
0.467367488691 0.504536604905
0.446157131898 0.525752654601
0.467374319991 0.54696187263
0.488591508084 0.568171090659
0.509808696178 0.589380308688
0.531025884271 0.610589526718
0.552243072365 0.631798744747
0.582243072365 0.631798744747
0.582247902953 0.661798744358
0.612247902953 0.661798744358
0.642247902953 0.661798744358
0.672247902953 0.661798744358
0.693465091047 0.683007962387
0.71468227914 0.704217180416
0.735899467233 0.725426398445
