0.121217188093 0.121209218029
0.0912171882663 0.121212438421
0.0912220188547 0.151212438033
0.0612220190276 0.151215658425
0.0912220190276 0.151215658425
0.0912204088314 0.121215658468
0.112437596925 0.142424876497
0.142437596925 0.142424876497
0.142442427513 0.172424876108
0.172442427513 0.172424876108
0.202442427513 0.172424876108
0.232442427513 0.172424876108
0.21123207072 0.193640925804
0.24123207072 0.193640925804
0.241236901309 0.223640925416
0.220021990071 0.20242942992
0.250021990071 0.20242942992
0.271234624209 0.181215657201
0.250024267415 0.202431706898
0.228813910622 0.223647756594
0.258813910622 0.223647756594
0.288813910622 0.223647756594
0.288818741211 0.253647756205
0.310035929304 0.274856974234
0.310040759893 0.304856973845
0.33125339403 0.283643201127
0.352466028168 0.262429428408
0.373683216261 0.283638646438
0.394900404355 0.304847864467
0.364900404528 0.304851084859
0.386113038665 0.283637312141
0.407330226759 0.30484653017
0.428542860896 0.283632757452
0.407327949659 0.262421261956
0.386117592866 0.283637311652
0.386122423454 0.313637311263
0.407339611547 0.334846529292
0.428556799641 0.356055747321
0.449773987734 0.37726496535
0.470991175828 0.39847418338
0.470989565632 0.368474183423
0.449779208838 0.389690233119
0.449777598642 0.359690233162
0.428567241849 0.380906282858
0.449784429943 0.402115500887
0.449782819747 0.372115500931
0.44978120955 0.342115500974
0.449779599354 0.312115501017
0.479779599354 0.312115501017
0.458569242561 0.333331550713
0.458567632365 0.303331550757
0.437357275572 0.324547600453
0.458574463665 0.345756818482
0.479791651759 0.366966036511
0.501008839852 0.38817525454
0.471008840025 0.388178474932
0.449793928787 0.366966979436
0.449792318591 0.33696697948
0.44979714918 0.366966979091
0.471014337273 0.38817619712
0.492226971411 0.366962424402
0.492231801999 0.396962424013
0.522231801999 0.396962424013
0.522230191803 0.366962424056
0.501015280565 0.34575092856
0.501013670369 0.315750928603
0.479803313576 0.336966978299
0.458592956783 0.358183027996
0.488592956783 0.358183027996
0.46738259999 0.379399077692
0.488595234127 0.358185304973
0.518595234127 0.358185304973
0.497384877334 0.37940135467
0.527384877334 0.37940135467
0.506174520541 0.400617404366
0.50617935113 0.430617403977
0.476179351302 0.430620624369
0.476184181891 0.46062062398
0.497396816029 0.439406851262
0.467396816201 0.439410071654
0.46740164679 0.469410071265
0.49740164679 0.469410071265
0.497400036594 0.439410071309
0.467400036767 0.439413291701
0.467404867355 0.469413291312
0.488622055448 0.490622509341
0.509839243542 0.51183172737
0.531056431635 0.533040945399
0.501056431808 0.533044165792
0.522273619902 0.554253383821
0.543490807995 0.57546260185
0.564707996088 0.596671819879
0.585925184182 0.617881037908
0.564714827389 0.639097087605
0.585932015482 0.660306305634
0.607149203576 0.681515523663
0.585934292338 0.660304028167
0.607151480431 0.681513246196
0.628368668525 0.702722464225
0.607158311732 0.723938513921
0.628375499825 0.74514773195
0.628380330414 0.775147731562
0.649597518507 0.796356949591
0.6708147066 0.81756616762
0.692031894694 0.838775385649
0.692036725282 0.86877538526
0.71324935942 0.847561612542
