0.121217188093 0.121209218029
0.1000068313 0.142425267725
0.1300068313 0.142425267725
0.1600068313 0.142425267725
0.160011661889 0.172425267336
0.181228849982 0.193634485366
0.202446038076 0.214843703395
0.223663226169 0.236052921424
0.244880414263 0.257262139453
0.274880414263 0.257262139453
0.304880414263 0.257262139453
0.334880414263 0.257262139453
0.364880414263 0.257262139453
0.364885244851 0.287262139064
0.364883634655 0.257262139107
0.364882024459 0.227262139151
0.364886855047 0.257262138762
0.364891685636 0.287262138373
0.364896516224 0.317262137984
0.386109150362 0.296048365266
0.364898793569 0.317264414962
0.394898793569 0.317264414962
0.394903624157 0.347264414573
0.424903624157 0.347264414573
0.446116258295 0.326050641854
0.446121088883 0.356050641466
0.42491073209 0.377266691162
0.446127920183 0.398475909191
0.416127920356 0.398479129583
0.43734510845 0.419688347612
0.416134751657 0.440904397309
0.43735193975 0.462113615338
0.458569127843 0.483322833367
0.43735877105 0.504538883063
0.437363601639 0.534538882674
0.467363601639 0.534538882674
0.497363601639 0.534538882674
0.476148690401 0.513327387178
0.497365878494 0.534536605207
0.497370709083 0.564536604818
0.476155797845 0.543325109322
0.506155797845 0.543325109322
0.484945441052 0.564541159019
0.463730529814 0.543329663523
0.493730529814 0.543329663523
0.514943163952 0.522115890804
0.536160352045 0.543325108834
0.536158741849 0.513325108877
0.566158741849 0.513325108877
0.566157131653 0.48332510892
0.587374319746 0.504534326949
0.557374319919 0.504537547341
0.578591508013 0.525746765371
0.548591508186 0.525749985763
0.548589897989 0.495749985806
0.527379541196 0.516966035502
0.557379541196 0.516966035502
0.587379541196 0.516966035502
0.587377931 0.486966035545
0.608595119094 0.508175253575
0.629812307187 0.529384471604
0.651029495281 0.550593689633
0.629819138487 0.571809739329
0.59981913866 0.571812959721
0.62981913866 0.571812959721
0.629823969249 0.601812959332
0.659823969249 0.601812959332
0.689823969249 0.601812959332
0.689828799837 0.631812958944
0.689827189641 0.601812958987
0.689825579445 0.57181295903
0.711038213583 0.550599186312
0.689827856789 0.571815236008
0.668617499996 0.593031285704
0.668622330585 0.623031285315
0.668627161173 0.653031284926
0.689844349267 0.674240502955
0.668633992474 0.695456552652
0.647419081236 0.674245057156
0.668631715373 0.653031284437
0.689848903467 0.674240502466
0.65984890364 0.674243722859
0.68984890364 0.674243722859
0.689847293444 0.644243722902
0.711064481537 0.665452940931
0.73228166963 0.68666215896
0.753494303768 0.665448386242
0.774711491862 0.686657604271
0.795928679955 0.7078668223
