0.13 0.1
0.100000000173 0.100003220392
0.0787850889351 0.0787917248964
0.0787899195235 0.108791724507
0.100007107617 0.130000942537
0.130007107617 0.130000942537
0.108792196379 0.108789447041
0.078792196552 0.108792667433
0.100009384645 0.130001885462
0.130009384645 0.130001885462
0.151222018783 0.108788112744
0.121222018956 0.108791333136
0.142434653094 0.0875775604179
0.142433042897 0.0575775604611
0.11243304307 0.0575807808534
0.112437873659 0.0875807804645
0.133655061752 0.108789998494
0.112444704959 0.13000604819
0.142444704959 0.13000604819
0.163661893053 0.151215266219
0.184879081146 0.172424484248
0.206096269239 0.193633702277
0.227313457333 0.214842920306
0.248530645426 0.236052138336
0.278530645426 0.236052138336
0.308530645426 0.236052138336
0.308535476015 0.266052137947
0.278535476188 0.266055358339
0.257325119394 0.287271408035
0.287325119394 0.287271408035
0.317325119394 0.287271408035
0.296114762601 0.308487457731
0.326114762601 0.308487457731
0.356114762601 0.308487457731
0.356113152405 0.278487457774
0.356117982994 0.308487457386
0.386117982994 0.308487457386
0.386122813582 0.338487456997
0.407340001676 0.359696675026
0.386129644882 0.380912724722
0.407346832976 0.402121942751
0.377346833149 0.402125163143
0.356131921911 0.380913667648
0.386131921911 0.380913667648
0.407349110004 0.402122885677
0.428566298098 0.423332103706
0.449783486191 0.444541321735
0.479783486191 0.444541321735
0.458573129398 0.465757371431
0.488573129398 0.465757371431
0.509790317492 0.48696658946
0.539790317492 0.48696658946
0.569790317492 0.48696658946
0.548579960699 0.508182639156
0.578579960699 0.508182639156
0.608579960699 0.508182639156
0.638579960699 0.508182639156
0.668579960699 0.508182639156
0.668584791287 0.538182638768
0.668589621875 0.568182638379
0.668594452464 0.59818263799
0.668592842268 0.568182638033
0.668597672856 0.598182637644
0.689810306994 0.576968864926
0.668599950201 0.598184914622
0.698599950201 0.598184914622
0.698604780789 0.628184914233
0.698609611378 0.658184913844
0.719822245515 0.636971141126
0.741039433609 0.658180359155
0.762256621702 0.679389577184
0.732256621875 0.679392797576
0.753473809968 0.700602015606
0.774690998062 0.721811233635
