0.0999983898038 0.0700000000432
0.100003220392 0.0999999996543
0.121220408486 0.121209217683
0.142437596579 0.142418435713
0.112437596752 0.142421656105
0.11244242734 0.172421655716
0.14244242734 0.172421655716
0.163659615434 0.193630873745
0.184876803527 0.214840091774
0.163666446734 0.23605614147
0.133666446907 0.236059361863
0.10366644708 0.236062582255
0.0824560902868 0.257278631951
0.0612457334937 0.278494681647
0.0400353767007 0.299710731344
0.0612480108383 0.278496958625
0.0400376540452 0.299713008321
0.0612502881829 0.278499235603
0.0824629223205 0.257285462885
0.112462922321 0.257285462885
0.112461312124 0.227285462928
0.133673946262 0.20607169021
0.112463589469 0.227287739906
0.133676223607 0.206073967188
0.1548934117 0.227283185217
0.176106045838 0.206069412499
0.197323233931 0.227278630528
0.176108322693 0.206067135032
0.197325510787 0.227276353061
0.21854269888 0.24848557109
0.197332342087 0.269701620786
0.227332342087 0.269701620786
0.248544976225 0.248487848068
0.269757610362 0.22727407535
0.290974798456 0.248483293379
0.312191986549 0.269692511408
0.333409174643 0.290901729437
0.354626362736 0.312110947466
0.37584355083 0.333320165496
0.397060738923 0.354529383525
0.397065569511 0.384529383136
0.375850658274 0.36331788764
0.375855488862 0.393317887251
0.397072676956 0.41452710528
0.397071066759 0.384527105323
0.397075897348 0.414527104934
0.397080727936 0.444527104545
0.397085558525 0.474527104157
0.418302746618 0.495736322186
0.439519934712 0.516945540215
0.439518324515 0.486945540258
0.418307967722 0.508161589954
0.439525155816 0.529370807983
0.460742343909 0.550580026013
0.439531987116 0.571796075709
0.46074917521 0.593005293738
0.49074917521 0.593005293738
0.469534263972 0.571793798242
0.490751452065 0.593003016271
0.490756282654 0.623003015882
0.511973470747 0.644212233911
0.511978301336 0.674212233522
0.541978301336 0.674212233522
0.571978301336 0.674212233522
0.593195489429 0.695421451552
0.623195489429 0.695421451552
0.653195489429 0.695421451552
0.683195489429 0.695421451552
0.653195489602 0.695424671944
0.674408123739 0.674210899226
0.674412954328 0.704210898837
0.695630142421 0.725420116866
0.695628532225 0.695420116909
0.695626922029 0.665420116952
0.695631752617 0.695420116563
0.716848940711 0.716629334592
0.695634029473 0.695417839097
0.716851217567 0.716627057126
0.686851217739 0.716630277518
0.708068405833 0.737839495547
0.708073236421 0.767839495158
