0.13 0.1
0.16 0.1
0.19 0.1
0.190004830588 0.129999999611
0.168794473795 0.151216049307
0.198794473795 0.151216049307
0.220007107933 0.130002276589
0.241224296026 0.151211494618
0.26244148412 0.172420712647
0.283658672213 0.193629930676
0.304875860307 0.214839148706
0.334875860307 0.214839148706
0.364875860307 0.214839148706
0.394875860307 0.214839148706
0.4160930484 0.236048366735
0.437310236494 0.257257584764
0.458527424587 0.278466802793
0.458532255175 0.308466802404
0.458537085764 0.338466802015
0.458541916352 0.368466801626
0.458546746941 0.398466801237
0.428546747114 0.39847002163
0.458546747114 0.39847002163
0.437336390321 0.419686071326
0.416126033527 0.440902121022
0.446126033527 0.440902121022
0.424915676734 0.462118170718
0.403705319941 0.483334220414
0.433705319941 0.483334220414
0.403705320114 0.483337440807
0.424922508208 0.504546658836
0.446139696301 0.525755876865
0.467356884394 0.546965094894
0.488574072488 0.568174312923
0.509791260581 0.589383530952
0.479791260754 0.589386751345
0.501008448848 0.610595969374
0.522225636941 0.631805187403
0.552225636941 0.631805187403
0.531015280148 0.653021237099
0.561015280148 0.653021237099
0.591015280148 0.653021237099
0.621015280148 0.653021237099
0.642232468241 0.674230455128
0.672232468241 0.674230455128
0.651022111448 0.695446504824
0.672239299542 0.716655722854
0.693456487635 0.737864940883
0.714673675729 0.759074158912
