0.121217188093 0.121209218029
0.151217188093 0.121209218029
0.181217188093 0.121209218029
0.1600068313 0.142425267725
0.1900068313 0.142425267725
0.211224019394 0.163634485754
0.232441207487 0.184843703784
0.253658395581 0.206052921813
0.274875583674 0.227262139842
0.296092771768 0.248471357871
0.26609277194 0.248474578263
0.287309960034 0.269683796292
0.308527148127 0.290893014322
0.338527148127 0.290893014322
0.359744336221 0.312102232351
0.380961524314 0.33331145038
0.380959914118 0.303311450423
0.350959914291 0.303314670815
0.372177102384 0.324523888845
0.393394290478 0.345733106874
0.363394290651 0.345736327266
0.393394290651 0.345736327266
0.372183933857 0.366952376962
0.372182323661 0.336952377005
0.402182323661 0.336952377005
0.40218715425 0.366952376617
0.380972243012 0.345740881121
0.359761886219 0.366956930817
0.389761886219 0.366956930817
0.368551529426 0.388172980513
0.347341172633 0.409389030209
0.368558360726 0.430598248238
0.398558360726 0.430598248238
0.428558360726 0.430598248238
0.458558360726 0.430598248238
0.437348003933 0.451814297934
0.467348003933 0.451814297934
0.437348004106 0.451817518327
0.458565192199 0.473026736356
0.488565192199 0.473026736356
0.467354835406 0.494242786052
0.497354835406 0.494242786052
0.527354835406 0.494242786052
0.557354835406 0.494242786052
0.536139924168 0.473031290556
0.514929567375 0.494247340252
0.493719210582 0.515463389948
0.523719210582 0.515463389948
0.544936398676 0.536672607978
0.566153586769 0.557881826007
0.596153586769 0.557881826007
0.617370774863 0.579091044036
0.596155863625 0.55787954854
0.574940952387 0.536668053044
0.574939342191 0.506668053087
0.604939342191 0.506668053087
0.626156530284 0.527877271116
0.647373718378 0.549086489146
0.677373718378 0.549086489146
0.656163361585 0.570302538842
0.677380549678 0.591511756871
0.698593183816 0.570297984153
0.677382827023 0.591514033849
0.65617247023 0.612730083545
0.68617247023 0.612730083545
0.707389658323 0.633939301574
0.728606846416 0.655148519603
0.707391935179 0.633937024107
0.728609123272 0.655146242136
0.749826311366 0.676355460166
0.771043499459 0.697564678195
0.792260687552 0.718773896224
