0.121217188093 0.121209218029
0.0912171882663 0.121212438421
0.121217188266 0.121212438421
0.151217188266 0.121212438421
0.15121557807 0.0912124384647
0.151220408659 0.121212438076
0.181220408659 0.121212438076
0.160010051865 0.142428487772
0.130010052038 0.142431708164
0.100010052211 0.142434928557
0.100008442015 0.1124349286
0.121225630108 0.133644146629
0.100015273315 0.154860196325
0.130015273315 0.154860196325
0.160015273315 0.154860196325
0.190015273315 0.154860196325
0.168804916522 0.176076246021
0.168809747111 0.206076245632
0.168808136915 0.176076245675
0.190020771052 0.154862472957
0.190019160856 0.124862473
0.19001755066 0.0948624730437
0.168807193867 0.11607852274
0.168805583671 0.086078522783
0.168810414259 0.116078522394
0.168808804063 0.0860785224373
0.168813634651 0.116078522048
0.16881846524 0.14607852166
0.147603554002 0.124867026164
0.117603554175 0.124870246556
0.138820742268 0.146079464585
0.138819132072 0.116079464628
0.138823962661 0.146079464239
0.168823962661 0.146079464239
0.190041150754 0.167288682268
0.211253784892 0.14607490955
0.181253785065 0.146078129943
0.151253785237 0.146081350335
0.181253785237 0.146081350335
0.160043428444 0.167297400031
0.181260616538 0.18850661806
0.202473250675 0.167292845342
0.181262893882 0.188508895038
0.20247552802 0.16729512232
0.223692716113 0.188504340349
0.244909904207 0.209713558378
0.244908294011 0.179713558421
0.266125482104 0.20092277645
0.266130312693 0.230922776062
0.266135143281 0.260922775673
0.296135143281 0.260922775673
0.296133533085 0.230922775716
0.296138363673 0.260922775327
0.27492800688 0.282138825023
0.30492800688 0.282138825023
0.326140641018 0.260925052305
0.304930284225 0.282141102001
0.334930284225 0.282141102001
0.313719927432 0.303357151697
0.343719927432 0.303357151697
0.373719927432 0.303357151697
0.343719927605 0.303360372089
0.373719927605 0.303360372089
0.352505016367 0.282148876593
0.331290105129 0.260937381098
0.331294935717 0.290937380709
0.331293325521 0.260937380752
0.352505959659 0.239723608034
0.352510790247 0.269723607645
0.352515620836 0.299723607256
0.331305264043 0.320939656952
0.361305264043 0.320939656952
0.361310094631 0.350939656563
0.382522728769 0.329725883845
0.403735362906 0.308512111127
0.403740193495 0.338512110738
0.424957381588 0.359721328767
0.446174569682 0.380930546796
0.467391757775 0.402139764825
0.446176846537 0.380928269329
0.424966489744 0.402144319025
0.446183677838 0.423353537054
0.467400865931 0.444562755084
0.497400865931 0.444562755084
0.518618054025 0.465771973113
0.539835242118 0.486981191142
0.561052430211 0.508190409171
0.5610572608 0.538190408782
0.5910572608 0.538190408782
0.612274448893 0.559399626811
0.633491636987 0.58060884484
0.65470882508 0.60181806287
0.675921459218 0.580604290151
0.697138647311 0.60181350818
0.675928290518 0.623029557877
0.675926680322 0.59302955792
0.654711769084 0.571818062424
0.675928957178 0.593027280453
0.697146145271 0.614236498482
0.675931234033 0.593025002986
0.697148422127 0.614234221015
0.675933510889 0.593022725519
0.675931900693 0.563022725563
0.675936731281 0.593022725174
0.654721820044 0.571811229678
0.654726650632 0.601811229289
0.684726650632 0.601811229289
0.68473148122 0.6318112289
0.71473148122 0.6318112289
0.693521124427 0.653027278596
0.714738312521 0.674236496625
0.735955500614 0.695445714655
0.757172688708 0.716654932684
