0.121217188093 0.121209218029
0.142434376187 0.142418436058
0.172434376187 0.142418436058
0.202434376187 0.142418436058
0.17243437636 0.142421656451
0.20243437636 0.142421656451
0.23243437636 0.142421656451
0.26243437636 0.142421656451
0.283651564453 0.16363087448
0.304868752547 0.184840092509
0.32608594064 0.206049310538
0.347303128733 0.227258528567
0.368520316827 0.248467746596
0.38973750492 0.269676964625
0.410954693014 0.290886182655
0.389744336221 0.312102232351
0.389742726025 0.282102232394
0.410959914118 0.303311450423
0.432177102211 0.324520668452
0.4321819328 0.354520668063
0.453399120893 0.375729886093
0.453397510697 0.345729886136
0.453402341286 0.375729885747
0.474614975423 0.354516113029
0.474619806012 0.38451611264
0.495836994105 0.405725330669
0.495841824693 0.43572533028
0.495846655282 0.465725329891
0.49585148587 0.495725329502
0.474636574633 0.474513834006
0.474641405221 0.504513833617
0.495858593314 0.525723051646
0.495863423903 0.555723051257
0.495868254491 0.585723050869
0.517085442585 0.606932268898
0.538302630678 0.628141486927
0.538301020482 0.59814148697
0.55951365462 0.576927714252
0.559518485208 0.606927713863
0.580731119346 0.585713941145
0.601943753483 0.564500168426
0.601948584072 0.594500168037
0.60195341466 0.624500167649
0.601958245249 0.65450016726
0.580747888456 0.675716216956
0.610747888456 0.675716216956
0.610752719044 0.705716216567
0.640752719044 0.705716216567
0.619542362251 0.726932266263
0.649542362251 0.726932266263
0.679542362251 0.726932266263
0.700759550344 0.748141484292
0.721976738438 0.769350702321
