0.13 0.1
0.151212634138 0.0787862272817
0.151217464726 0.108786226893
0.15121585453 0.078786226936
0.151214244334 0.0487862269792
0.172431432427 0.0699954450084
0.151221075634 0.0912114947046
0.172433709772 0.0699977219863
0.17243854036 0.0999977215974
0.20243854036 0.0999977215974
0.223651174498 0.0787839488791
0.223656005086 0.10878394849
0.202445648293 0.129999998186
0.1812352915 0.151216047883
0.202452479594 0.172425265912
0.223669667687 0.193634483941
0.24488685578 0.21484370197
0.244885245584 0.184843702013
0.266102433678 0.206052920042
0.287319621771 0.227262138071
0.28732445236 0.257262137683
0.31732445236 0.257262137683
0.34732445236 0.257262137683
0.326114095566 0.278478187379
0.356114095566 0.278478187379
0.386114095566 0.278478187379
0.364903738773 0.299694237075
0.334903738946 0.299697457467
0.364903738946 0.299697457467
0.394903738946 0.299697457467
0.373693382153 0.320913507163
0.403693382153 0.320913507163
0.38248302536 0.34212955686
0.352483025533 0.342132777252
0.373700213626 0.363341995281
0.39491740172 0.38455121331
0.416134589813 0.405760431339
0.437351777907 0.426969649368
0.458568966 0.448178867398
0.428568966173 0.44818208779
0.458568966173 0.44818208779
0.479786154266 0.469391305819
0.50100334236 0.490600523848
0.53100334236 0.490600523848
0.552220530453 0.511809741877
0.573437718547 0.533018959906
0.59465490664 0.554228177936
0.573439995402 0.53301668244
0.594657183496 0.554225900469
0.615874371589 0.575435118498
0.637091559683 0.596644336527
0.637089949486 0.56664433657
0.65830713758 0.587853554599
0.679519771718 0.566639781881
0.658309414924 0.587855831577
0.658314245513 0.617855831188
0.637099334275 0.596644335693
0.667099334275 0.596644335693
0.688316522369 0.617853553722
0.709533710462 0.639062771751
0.730750898555 0.66027198978
0.751968086649 0.681481207809
0.773185274742 0.702690425838
0.794402462836 0.723899643867
