0.0787896432069 0.121216049696
0.1000068313 0.142425267725
0.121224019394 0.163634485754
0.142441207487 0.184843703784
0.142439597291 0.154843703827
0.163656785384 0.176052921856
0.163655175188 0.146052921899
0.163660005777 0.17605292151
0.193660005777 0.17605292151
0.172445094539 0.154841426014
0.193662282632 0.176050644043
0.214879470726 0.197259862073
0.236092104864 0.176046089354
0.214877193626 0.154834593858
0.236094381719 0.176043811888
0.236092771523 0.146043811931
0.206092771696 0.146047032323
0.227309959789 0.167256250352
0.248522593927 0.146042477634
0.227307682689 0.124830982138
0.248524870783 0.146040200167
0.26973750492 0.124826427449
0.269742335509 0.15482642706
0.239742335682 0.154829647452
0.260959523775 0.176038865481
0.282172157913 0.154825092763
0.282176988501 0.184825092374
0.28218181909 0.214825091985
0.282186649678 0.244825091596
0.282191480266 0.274825091208
0.282196310855 0.304825090819
0.260985954062 0.326041140515
0.26099078465 0.356041140126
0.260989174454 0.326041140169
0.260987564258 0.296041140212
0.230987564431 0.296044360605
0.252200198568 0.274830587886
0.252198588372 0.24483058793
0.252196978176 0.214830587973
0.230986621383 0.236046637669
0.252199255521 0.214832864951
0.273416443614 0.23604208298
0.303416443614 0.23604208298
0.273416443787 0.236045303372
0.29463363188 0.257254521401
0.273418720643 0.236043025905
0.273423551231 0.266043025516
0.294640739324 0.287252243546
0.315857927418 0.308461461575
0.285857927591 0.308464681967
0.307070561728 0.287250909249
0.328287749822 0.308460127278
0.358287749822 0.308460127278
0.35829258041 0.338460126889
0.358297410999 0.3684601265
0.379510045136 0.347246353782
0.37950843494 0.317246353825
0.379506824744 0.287246353868
0.349506824917 0.287249574261
0.31950682509 0.287252794653
0.340724013183 0.308462012682
0.340722402987 0.278462012725
0.319507491749 0.257250517229
0.349507491749 0.257250517229
0.379507491749 0.257250517229
0.400724679843 0.278459735258
0.421941867936 0.299668953288
0.400726956698 0.278457457792
0.421944144792 0.299666675821
0.443161332885 0.32087589385
0.421950976092 0.342091943546
0.400740619299 0.363307993242
0.430740619299 0.363307993242
0.451953253437 0.342094220524
0.430742896644 0.36331027022
0.430741286447 0.333310270263
0.460741286447 0.333310270263
0.481958474541 0.354519488293
0.460748117748 0.375735537989
0.490748117748 0.375735537989
0.490746507552 0.345735538032
0.511963695645 0.366944756061
0.511962085449 0.336944756104
0.490751728656 0.3581608058
0.511968916749 0.37937002383
0.541968916749 0.37937002383
0.563186104843 0.400579241859
0.58439873898 0.37936546914
0.563188382187 0.400581518837
0.53318838236 0.400584739229
0.554405570454 0.421793957258
0.53319521366 0.443010006954
0.554412401754 0.464219224983
0.575629589847 0.485428443013
0.575634420436 0.515428442624
0.596851608529 0.536637660653
0.626851608529 0.536637660653
0.605636697291 0.515426165157
0.626853885385 0.536635383186
0.605643528592 0.557851432882
0.626860716685 0.579060650911
0.648077904779 0.60026986894
0.648082735367 0.630269868552
0.66929992346 0.651479086581
0.69929992346 0.651479086581
0.720517111554 0.67268830461
0.741734299647 0.693897522639
0.720523942854 0.715113572335
0.741736576992 0.693899799617
0.74174140758 0.723899799228
