0.13 0.1
0.16 0.1
0.159998389804 0.0700000000432
0.138788033011 0.0912160497394
0.160005221104 0.112425267769
0.190005221104 0.112425267769
0.168790309866 0.0912137722726
0.19000749796 0.112422990302
0.22000749796 0.112422990302
0.220012328548 0.142422989913
0.198797417311 0.121211494417
0.168797417483 0.121214714809
0.198797417483 0.121214714809
0.168797417656 0.121217935202
0.19001460575 0.142427153231
0.160014605922 0.142430373623
0.130014606095 0.142433594015
0.151227240233 0.121219821297
0.172444428326 0.142429039326
0.151234071533 0.163645089022
0.13002371474 0.184861138718
0.130028545329 0.21486113833
0.108813634091 0.193649642834
0.0875987228532 0.172438147338
0.117598722853 0.172438147338
0.147598722853 0.172438147338
0.126383811615 0.151226651842
0.156383811615 0.151226651842
0.177596445753 0.130012879124
0.198809079891 0.108799106405
0.198813910479 0.138799106016
0.220031098573 0.160008324046
0.220035929161 0.190008323657
0.241248563299 0.168794550938
0.220038206506 0.190010600634
0.241250840643 0.168796827916
0.262468028737 0.190006045945
0.241253117499 0.168794550449
0.262470305592 0.190003768479
0.283687493686 0.211212986508
0.262472582448 0.190001491012
0.283689770541 0.211210709041
0.28369460113 0.241210708652
0.31369460113 0.241210708652
0.34369460113 0.241210708652
0.37369460113 0.241210708652
0.40369460113 0.241210708652
0.403699431718 0.271210708263
0.433699431718 0.271210708263
0.433704262307 0.301210707874
0.433709092895 0.331210707485
0.433713923484 0.361210707096
0.454931111577 0.382419925126
0.47614829967 0.403629143155
0.476146689474 0.373629143198
0.497363877568 0.394838361227
0.467363877741 0.394841581619
0.488581065834 0.416050799649
0.509793699972 0.39483702693
0.531010888065 0.416046244959
0.552228076159 0.437255462989
0.552226465962 0.407255463032
0.552231296551 0.437255462643
0.552236127139 0.467255462254
0.552234516943 0.437255462297
0.552239347532 0.467255461908
0.531024436294 0.446043966412
0.509814079501 0.467260016108
0.539814079501 0.467260016108
0.509814079674 0.467263236501
0.48860372288 0.488479286197
0.51860372288 0.488479286197
0.54860372288 0.488479286197
0.569820910974 0.509688504226
0.599820910974 0.509688504226
0.569820911147 0.509691724618
0.599820911147 0.509691724618
0.578605999909 0.488480229122
0.608605999909 0.488480229122
0.608610830497 0.518480228734
0.638610830497 0.518480228734
0.638615661086 0.548480228345
0.668615661086 0.548480228345
0.647405304293 0.569696278041
0.677405304293 0.569696278041
0.677410134881 0.599696277652
0.707410134881 0.599696277652
0.686199778088 0.620912327348
0.716199778088 0.620912327348
0.737416966182 0.642121545377
0.737415355985 0.61212154542
0.716204999192 0.633337595117
0.737422187286 0.654546813146
0.737427017874 0.684546812757
0.758644205968 0.705756030786
0.779861394061 0.726965248815
