0.121217188093 0.121209218029
0.142434376187 0.142418436058
0.16365156428 0.163627654087
0.184864198418 0.142413881369
0.206081386511 0.163623099398
0.227298574605 0.184832317427
0.248511208742 0.163618544709
0.269728396836 0.184827762738
0.26972678664 0.154827762782
0.290943974733 0.176036980811
0.312161162827 0.19724619884
0.33337835092 0.218455416869
0.333376740724 0.188455416912
0.354589374862 0.167241644194
0.375806562955 0.188450862223
0.354591651717 0.167239366727
0.375808839811 0.188448584756
0.397026027904 0.209657802785
0.418238662042 0.188444030067
0.439455850135 0.209653248096
0.460668484273 0.188439475378
0.439453573035 0.167227979882
0.418243216242 0.188444029578
0.439460404335 0.209653247607
0.460673038473 0.188439474889
0.481885672611 0.167225702171
0.460675315818 0.188441751867
0.43946040458 0.167230256371
0.418250047787 0.188446306067
0.43946723588 0.209655524096
0.460684423974 0.230864742126
0.439469512736 0.20965324663
0.460686700829 0.230862464659
0.481903888923 0.252071682688
0.503121077016 0.273280900717
0.52433826511 0.294490118746
0.503127908316 0.315706168442
0.503132738905 0.345706168054
0.503131128709 0.315706168097
0.524348316802 0.336915386126
0.524346706606 0.306915386169
0.545559340744 0.285701613451
0.524348983951 0.306917663147
0.545566172044 0.328126881176
0.566783360137 0.349336099205
0.588000548231 0.370545317234
0.566790191438 0.391761366931
0.545579834645 0.412977416627
0.566797022738 0.434186634656
0.596797022738 0.434186634656
0.618014210832 0.455395852685
0.639231398925 0.476605070714
0.618021042132 0.49782112041
0.61802587272 0.527821120021
0.588025872893 0.527824340414
0.609243060987 0.549033558443
0.579243061159 0.549036778835
0.558028149922 0.527825283339
0.579245338015 0.549034501368
0.609245338015 0.549034501368
0.630462526109 0.570243719398
0.651679714202 0.591452937427
0.672896902295 0.612662155456
0.672901732884 0.642662155067
0.672906563472 0.672662154678
0.694123751566 0.693871372707
0.715340939659 0.715080590736
0.736558127753 0.736289808766
