0.0787850887622 0.0787885045041
0.0787899193507 0.108788504115
0.0487899195235 0.108791724507
0.0787899195235 0.108791724507
0.108789919524 0.108791724507
0.138789919524 0.108791724507
0.117575008286 0.0875802290116
0.11757339809 0.0575802290548
0.0875733982624 0.0575834494471
0.0875717880663 0.0275834494903
0.0875766186547 0.0575834491014
0.0875814492432 0.0875834487125
0.0875862798316 0.117583448324
0.0575862800044 0.117586668716
0.0575911105929 0.147586668327
0.0788037447305 0.126372895609
0.0788021345344 0.0963728956519
0.100019322628 0.117582113681
0.0700193228007 0.117585334073
0.0700241533891 0.147585333684
0.100024153389 0.147585333684
0.121236787527 0.126371560966
0.121241618115 0.156371560577
0.142454252253 0.135157787859
0.142459082841 0.16515778747
0.121244171604 0.143946291974
0.142456805741 0.122732519256
0.163669439879 0.101518746538
0.163674270467 0.131518746149
0.142463913674 0.152734795845
0.163676547812 0.131521023127
0.184893735905 0.152730241156
0.163678824667 0.13151874566
0.163683655256 0.161518745271
0.142468744018 0.140307249775
0.163681378156 0.119093477057
0.184898566249 0.140302695086
0.206115754343 0.161511913115
0.227332942436 0.182721131144
0.24855013053 0.203930349173
0.269767318623 0.225139567202
0.290979952761 0.203925794484
0.269765041523 0.182714298988
0.239765041696 0.182717519381
0.269765041696 0.182717519381
0.290982229789 0.20392673741
0.320982229789 0.20392673741
0.350982229789 0.20392673741
0.350980619593 0.173926737453
0.372197807686 0.195135955482
0.350982896449 0.173924459986
0.372200084542 0.195133678015
0.393417272635 0.216342896044
0.414634460729 0.237552114074
0.435851648822 0.258761332103
0.435856479411 0.288761331714
0.435861309999 0.318761331325
0.435866140588 0.348761330936
0.435870971176 0.378761330547
0.457083605314 0.357547557829
0.457088435902 0.38754755744
0.435873524664 0.366336061944
0.465873524664 0.366336061944
0.487086158802 0.345122289226
0.517086158802 0.345122289226
0.51709098939 0.375122288837
0.538308177484 0.396331506866
0.517097820691 0.417547556562
0.517096210495 0.387547556605
0.495885853702 0.408763606302
0.465885853874 0.408766826694
0.444675497081 0.42998287639
0.423465140288 0.451198926086
0.423469970877 0.481198925697
0.402259614084 0.502414975393
0.432259614084 0.502414975393
0.453472248221 0.481201202675
0.432261891428 0.502417252371
0.432266722017 0.532417251982
0.43226511182 0.502417252026
0.432263501624 0.472417252069
0.411048590387 0.451205756573
0.441048590387 0.451205756573
0.471048590387 0.451205756573
0.449838233593 0.472421806269
0.479838233593 0.472421806269
0.4586278768 0.493637855965
0.479845064894 0.514847073994
0.501062252987 0.536056292024
0.522279441081 0.557265510053
0.543496629174 0.578474728082
0.543501459763 0.608474727693
0.573501459763 0.608474727693
0.5947140939 0.587260954975
0.594718924489 0.617260954586
0.594723755077 0.647260954197
0.624723755077 0.647260954197
0.624728585666 0.677260953808
0.603518228872 0.698477003504
0.633518228872 0.698477003504
0.65473086301 0.677263230786
0.675948051104 0.698472448815
0.654733139866 0.677260953319
0.675950327959 0.698470171348
0.697167516053 0.719679389377
0.727167516053 0.719679389377
0.748384704146 0.740888607406
