0.100004830588 0.129999999611
0.130004830588 0.129999999611
0.100004830761 0.130003220003
0.130004830761 0.130003220003
0.13000966135 0.160003219614
0.16000966135 0.160003219614
0.19000966135 0.160003219614
0.168794750112 0.138791724119
0.19000738425 0.1175779514
0.211224572343 0.138787169429
0.211229402931 0.168787169041
0.241229402931 0.168787169041
0.262446591025 0.18999638707
0.283663779118 0.211205605099
0.304880967212 0.232414823128
0.326098155305 0.253624041157
0.347310789443 0.232410268439
0.368527977536 0.253619486468
0.38974516563 0.274828704497
0.410962353723 0.296037922526
0.440962353723 0.296037922526
0.462174987861 0.274824149808
0.440960076623 0.253612654312
0.462177264716 0.274821872341
0.440962353479 0.253610376845
0.419747442241 0.232398881349
0.398532531003 0.211187385853
0.37732217421 0.23240343555
0.356111817417 0.253619485246
0.37732900551 0.274828703275
0.398546193604 0.296037921304
0.377335836811 0.317253971
0.407335836811 0.317253971
0.428553024904 0.338463189029
0.458553024904 0.338463189029
0.479770212998 0.359672407059
0.479775043586 0.38967240667
0.509775043586 0.38967240667
0.509779874174 0.419672406281
0.509784704763 0.449672405892
0.48857434797 0.470888455588
0.488572737774 0.440888455631
0.488577568362 0.470888455242
0.467362657124 0.449676959746
0.467367487713 0.479676959357
0.467372318301 0.509676958969
0.46737714889 0.53967695858
0.49737714889 0.53967695858
0.497381979478 0.569676958191
0.476171622685 0.590893007887
0.476176453273 0.620893007498
0.506176453273 0.620893007498
0.536176453273 0.620893007498
0.566176453273 0.620893007498
0.544961542036 0.599681512002
0.544966372624 0.629681511613
0.544964762428 0.599681511656
0.52374985119 0.57847001616
0.544967039284 0.59967923419
0.514967039456 0.599682454582
0.544967039456 0.599682454582
0.574967039456 0.599682454582
0.59618422755 0.620891672611
0.617401415643 0.64210089064
0.617406246232 0.672100890251
0.638623434325 0.69331010828
0.659840622419 0.71451932631
0.659839012223 0.684519326353
0.689839012223 0.684519326353
0.711056200316 0.705728544382
0.689845843523 0.726944594078
0.711063031616 0.748153812107
0.73228021971 0.769363030136
