0.13 0.1
0.129998389804 0.0700000000432
0.159998389804 0.0700000000432
0.189998389804 0.0700000000432
0.168783478566 0.0487885045473
0.168788309155 0.0787885041584
0.198788309155 0.0787885041584
0.228788309155 0.0787885041584
0.228793139743 0.108788503769
0.228797970331 0.138788503381
0.250010604469 0.117574730662
0.250015435057 0.147574730273
0.271232623151 0.168783948303
0.292445257289 0.147570175584
0.292450087877 0.177570175195
0.26245008805 0.177573395588
0.283662722187 0.156359622869
0.262452365394 0.177575672566
0.262450755198 0.147575672609
0.283667943292 0.168784890638
0.253667943465 0.16878811103
0.274885131558 0.189997329059
0.296097765696 0.168783556341
0.296102596284 0.198783555952
0.317315230422 0.177569783234
0.338532418515 0.198779001263
0.338537249104 0.228779000874
0.31732689231 0.24999505057
0.296111981073 0.228783555074
0.326111981073 0.228783555074
0.326116811661 0.258783554685
0.32612164225 0.288783554297
0.35612164225 0.288783554297
0.356126472838 0.318783553908
0.386126472838 0.318783553908
0.407343660931 0.339992771937
0.428560849025 0.361201989966
0.449778037118 0.382411207995
0.470995225212 0.403620426024
0.449780313974 0.382408930528
0.428565402736 0.361197435032
0.407355045943 0.382413484729
0.428572234037 0.403622702758
0.44978942213 0.424831920787
0.47978942213 0.424831920787
0.50978942213 0.424831920787
0.488579065337 0.446047970483
0.518579065337 0.446047970483
0.518577455141 0.416047970526
0.497362543903 0.39483647503
0.497367374491 0.424836474641
0.476157017698 0.446052524338
0.506157017698 0.446052524338
0.536157017698 0.446052524338
0.566157017698 0.446052524338
0.596157017698 0.446052524338
0.626157017698 0.446052524338
0.626155407502 0.416052524381
0.656155407502 0.416052524381
0.656160238091 0.446052523992
0.656165068679 0.476052523603
0.656163458483 0.446052523646
0.656168289071 0.476052523257
0.656166678875 0.4460525233
0.656171509464 0.476052522912
0.656176340052 0.506052522523
0.686176340052 0.506052522523
0.686181170641 0.536052522134
0.686186001229 0.566052521745
0.664975644436 0.587268571441
0.664980475024 0.617268571052
0.686197663118 0.638477789081
0.707414851211 0.65968700711
0.686199939973 0.638475511614
0.664985028736 0.617264016119
0.694985028736 0.617264016119
0.673774671943 0.638480065815
0.694991860036 0.659689283844
0.716209048129 0.680898501873
0.737426236223 0.702107719902
0.758643424316 0.723316937931
