0.121212634138 0.0787862272817
0.142429822231 0.0999954453109
0.121214910993 0.078783949815
0.121213300797 0.0487839498582
0.151213300797 0.0487839498582
0.172430488891 0.0699931678873
0.193647676984 0.0912023859165
0.163647677157 0.0912056063088
0.193647677157 0.0912056063088
0.223647677157 0.0912056063088
0.24486486525 0.112414824338
0.266082053344 0.133624042367
0.266080443148 0.10362404241
0.266085273736 0.133624042021
0.244874916943 0.154840091718
0.244873306747 0.124840091761
0.223658395509 0.103628596265
0.253658395509 0.103628596265
0.274875583602 0.124837814294
0.296092771696 0.146047032323
0.2960911615 0.116047032366
0.317308349593 0.137256250395
0.317313180182 0.167256250007
0.338530368275 0.188465468036
0.317315457037 0.16725397254
0.338532645131 0.188463190569
0.359749833224 0.209672408598
0.380967021318 0.230881626627
0.402184209411 0.252090844656
0.423401397504 0.273300062686
0.423406228093 0.303300062297
0.444623416186 0.324509280326
0.444628246775 0.354509279937
0.465845434868 0.375718497966
0.465850265457 0.405718497577
0.495850265457 0.405718497577
0.495855096045 0.435718497188
0.495859926633 0.465718496799
0.495864757222 0.49571849641
0.49586958781 0.525718496021
0.495874418399 0.555718495633
0.495879248987 0.585718495244
0.517096437081 0.606927713273
0.538313625174 0.628136931302
0.559530813268 0.649346149331
0.589530813268 0.649346149331
0.589535643856 0.679346148942
0.619535643856 0.679346148942
0.598325287063 0.700562198638
0.619537921201 0.67934842592
0.598327564407 0.700564475616
0.628327564407 0.700564475616
0.607117207614 0.721780525312
0.637117207614 0.721780525312
0.667117207614 0.721780525312
0.688334395708 0.742989743342
0.709551583801 0.764198961371
