0.121217188093 0.121209218029
0.1000068313 0.142425267725
0.1300068313 0.142425267725
0.151219465438 0.121211495007
0.151224296026 0.151211494618
0.181224296026 0.151211494618
0.160009384789 0.129999999122
0.138799027996 0.151216048818
0.168799027996 0.151216048818
0.147584116758 0.130004553322
0.177584116758 0.130004553322
0.156373759965 0.151220603019
0.177586394102 0.1300068303
0.177591224691 0.160006829911
0.156376313453 0.138795334416
0.13516595666 0.160011384112
0.135164346464 0.130011384155
0.105164346637 0.130014604547
0.0751643468095 0.130017824939
0.0963815349029 0.151227042969
0.117594169041 0.13001327025
0.0963838122475 0.151229319947
0.0663838124203 0.151232540339
0.087596446558 0.130018767621
0.0876012771464 0.160018767232
0.108813911284 0.138804994513
0.087603554491 0.16002104421
0.108816188629 0.138807271491
0.0788161888015 0.138810491884
0.100033376895 0.160019709913
0.0788184656571 0.138808214417
0.108818465657 0.138808214417
0.138818465657 0.138808214417
0.138816855461 0.10880821446
0.138821686049 0.138808214071
0.168821686049 0.138808214071
0.190038874143 0.1600174321
0.211256062236 0.181226650129
0.23247325033 0.202435868159
0.253690438423 0.223645086188
0.253695269012 0.253645085799
0.253693658815 0.223645085842
0.283693658815 0.223645085842
0.313693658815 0.223645085842
0.292478747578 0.202433590346
0.292483578166 0.232433589957
0.322483578166 0.232433589957
0.32248196797 0.20243359
0.35248196797 0.20243359
0.38248196797 0.20243359
0.403699156063 0.22364280803
0.424916344157 0.244852026059
0.44613353225 0.266061244088
0.446138362839 0.296061243699
0.446143193427 0.32606124331
0.4161431936 0.326064463702
0.4461431936 0.326064463702
0.446141583404 0.296064463746
0.416141583577 0.296067684138
0.416146414165 0.326067683749
0.446146414165 0.326067683749
0.446151244754 0.35606768336
0.476151244754 0.35606768336
0.476156075342 0.386067682971
0.47616090593 0.416067682582
0.454950549137 0.437283732278
0.484950549137 0.437283732278
0.45495054931 0.437286952671
0.433740192517 0.458503002367
0.463740192517 0.458503002367
0.463745023106 0.488503001978
0.442534666312 0.509719051674
0.421319755075 0.488507556178
0.442536943168 0.509716774207
0.463754131262 0.530925992236
0.484971319355 0.552135210266
0.484976149943 0.582135209877
0.506193338037 0.603344427906
0.52741052613 0.624553645935
0.55741052613 0.624553645935
0.536200169337 0.645769695631
0.557417357431 0.66697891366
0.587417357431 0.66697891366
0.617417357431 0.66697891366
0.647417357431 0.66697891366
0.626202446193 0.645767418164
0.647415080331 0.624553645446
0.626204723537 0.645769695142
0.626209554126 0.675769694753
0.626214384714 0.705769694364
0.647431572808 0.726978912394
0.668648760901 0.748188130423
0.689865948995 0.769397348452
0.711078583132 0.748183575734
0.732295771226 0.769392793763
