0.100004830588 0.129999999611
0.130004830588 0.129999999611
0.160004830588 0.129999999611
0.190004830588 0.129999999611
0.220004830588 0.129999999611
0.241217464726 0.108786226893
0.26243465282 0.129995444922
0.262433042623 0.0999954449652
0.283650230717 0.121204662994
0.30486741881 0.142413881023
0.326084606904 0.163623099053
0.347301794997 0.184832317082
0.368518983091 0.206041535111
0.368517372894 0.176041535154
0.398517372894 0.176041535154
0.368517373067 0.176044755546
0.398517373067 0.176044755546
0.419734561161 0.197253973576
0.389734561334 0.197257193968
0.410951749427 0.218466411997
0.43216893752 0.239675630026
0.453386125614 0.260884848055
0.423386125787 0.260888068448
0.423390956375 0.290888068059
0.423395786964 0.32088806767
0.423400617552 0.350888067281
0.453400617552 0.350888067281
0.45340544814 0.380888066892
0.474618082278 0.359674294174
0.474622912866 0.389674293785
0.453412556073 0.410890343481
0.453410945877 0.380890343524
0.432200589084 0.40210639322
0.410990232291 0.423322442917
0.41099506288 0.453322442528
0.44099506288 0.453322442528
0.419784706086 0.474538492224
0.398574349293 0.49575454192
0.368574349466 0.495757762312
0.347363992673 0.516973812008
0.377363992673 0.516973812008
0.398576626811 0.49576003929
0.419793814904 0.516969257319
0.441011002998 0.538178475348
0.462228191091 0.559387693378
0.46223302168 0.589387692989
0.483450209773 0.610596911018
0.504667397866 0.631806129047
0.534667397866 0.631806129047
0.564667397866 0.631806129047
0.594667397866 0.631806129047
0.624667397866 0.631806129047
0.624672228455 0.661806128658
0.654672228455 0.661806128658
0.675884862592 0.64059235594
0.705884862592 0.64059235594
0.727102050686 0.661801573969
0.705891693893 0.683017623665
0.727108881986 0.704226841694
0.74832607008 0.725436059723
