0.13 0.1
0.16 0.1
0.181217188093 0.121209218029
0.211217188093 0.121209218029
0.232434376187 0.142418436058
0.262434376187 0.142418436058
0.28365156428 0.163627654087
0.304868752374 0.184836872117
0.283653841136 0.163625376621
0.313653841136 0.163625376621
0.292438929898 0.142413881125
0.313656117992 0.163623099154
0.334873306085 0.184832317183
0.356090494178 0.206041535212
0.377307682272 0.227250753241
0.398524870365 0.24845997127
0.419742058459 0.2696691893
0.440959246552 0.290878407329
0.462176434646 0.312087625358
0.440961523408 0.290876129862
0.419751166615 0.312092179558
0.398540809822 0.333308229254
0.428540809822 0.333308229254
0.42854564041 0.363308228865
0.428550470999 0.393308228477
0.428555301587 0.423308228088
0.407340390349 0.402096732592
0.437340390349 0.402096732592
0.437345220938 0.432096732203
0.467345220938 0.432096732203
0.497345220938 0.432096732203
0.476134864145 0.453312781899
0.454924507352 0.474528831595
0.45492933794 0.504528831206
0.454934168528 0.534528830817
0.454938999117 0.564528830428
0.47615618721 0.585738048458
0.476161017799 0.615738048069
0.454946106561 0.594526552573
0.484946106561 0.594526552573
0.506163294654 0.615735770602
0.476163294827 0.615738990994
0.446163295 0.615742211386
0.476163295 0.615742211386
0.454948383762 0.594530715891
0.484948383762 0.594530715891
0.514948383762 0.594530715891
0.5361610179 0.573316943172
0.557378205993 0.594526161201
0.527378206166 0.594529381594
0.506167849373 0.61574543129
0.527385037467 0.636954649319
0.54860222556 0.658163867348
0.527391868767 0.679379917044
0.557391868767 0.679379917044
0.536176957529 0.658168421548
0.566176957529 0.658168421548
0.544966600736 0.679384471245
0.574966600736 0.679384471245
0.604966600736 0.679384471245
0.626183788829 0.700593689274
0.647400976923 0.721802907303
0.668618165016 0.743012125332
0.668622995605 0.773012124943
0.689840183698 0.794221342972
0.659840183871 0.794224563365
0.681057371965 0.815433781394
0.702274560058 0.836642999423
0.672274560231 0.836646219815
0.693487194368 0.815432447097
0.693492024957 0.845432446708
0.714704659095 0.82421867399
