0.0787850887622 0.0787885045041
0.100002276856 0.0999977225332
0.121219464949 0.121206940562
0.121224295538 0.151206940173
0.142441483631 0.172416158203
0.142446314219 0.202416157814
0.172446314219 0.202416157814
0.193658948357 0.181202385095
0.21487613645 0.202411603125
0.24487613645 0.202411603125
0.223665779657 0.223627652821
0.244882967751 0.24483687085
0.266095601888 0.223623098132
0.287312789982 0.244832316161
0.317312789982 0.244832316161
0.317311179786 0.214832316204
0.338528367879 0.236041534233
0.359745555973 0.257250752262
0.380962744066 0.278459970291
0.359752387273 0.299676019988
0.380969575366 0.320885238017
0.40218676346 0.342094456046
0.423403951553 0.363303674075
0.444621139647 0.384512892104
0.46583832774 0.405722110133
0.487055515834 0.426931328162
0.508272703927 0.448140546192
0.508271093731 0.418140546235
0.529488281824 0.439349764264
0.550705469918 0.460558982293
0.571922658011 0.481768200322
0.593139846105 0.502977418351
0.593144676693 0.532977417963
0.614361864786 0.554186635992
0.63557905288 0.575395854021
0.656796240973 0.59660507205
0.686796240973 0.59660507205
0.708013429067 0.617814290079
0.72923061716 0.639023508108
0.729235447749 0.669023507719
0.708025090956 0.690239557415
0.738025090956 0.690239557415
0.759237725093 0.669025784697
0.7380273683 0.690241834393
0.716817011507 0.71145788409
0.738029645645 0.690244111371
0.716814734407 0.669032615875
0.7380319225 0.690241833905
0.759249110594 0.711451051934
