0.121217188093 0.121209218029
0.151217188093 0.121209218029
0.172434376187 0.142418436058
0.14243437636 0.142421656451
0.17243437636 0.142421656451
0.193651564453 0.16363087448
0.214868752547 0.184840092509
0.23608594064 0.206049310538
0.214875583847 0.227265360234
0.193660672609 0.206053864738
0.163660672782 0.206057085131
0.163659062586 0.176057085174
0.193659062586 0.176057085174
0.214876250679 0.197266303203
0.236093438773 0.218475521232
0.257310626866 0.239684739261
0.27852781496 0.26089395729
0.299745003053 0.28210317532
0.320962191146 0.303312393349
0.34217937924 0.324521611378
0.320969022447 0.345737661074
0.350969022447 0.345737661074
0.380969022447 0.345737661074
0.380973853035 0.375737660685
0.402191041129 0.396946878714
0.380976129891 0.375735383218
0.359765773098 0.396951432914
0.389765773098 0.396951432914
0.410978407235 0.375737660196
0.432195595329 0.396946878225
0.432200425917 0.426946877836
0.432205256506 0.456946877448
0.432210087094 0.486946877059
0.432214917683 0.51694687667
0.45342755182 0.495733103951
0.48342755182 0.495733103951
0.462217195027 0.516949153648
0.462222025616 0.546949153259
0.441007114378 0.525737657763
0.462224302471 0.546946875792
0.492224302471 0.546946875792
0.513436936609 0.525733103074
0.492226579816 0.54694915277
0.471016223023 0.568165202466
0.471014612827 0.538165202509
0.49223180092 0.559374420538
0.513448989013 0.580583638567
0.534666177107 0.601792856597
0.5558833652 0.623002074626
0.577100553294 0.644211292655
0.577105383882 0.674211292266
0.607105383882 0.674211292266
0.628322571976 0.695420510295
0.598322572149 0.695423730687
0.628322572149 0.695423730687
0.628320961952 0.665423730731
0.628325792541 0.695423730342
0.658325792541 0.695423730342
0.679542980634 0.716632948371
0.700760168728 0.7378421664
0.670760168901 0.737845386792
0.700760168901 0.737845386792
0.721977356994 0.759054604822
