0.13 0.1
0.151217188093 0.121209218029
0.172434376187 0.142418436058
0.14243437636 0.142421656451
0.17243437636 0.142421656451
0.20243437636 0.142421656451
0.223651564453 0.16363087448
0.244864198591 0.142417101761
0.266081386684 0.163626319791
0.296081386684 0.163626319791
0.317298574778 0.18483553782
0.347298574778 0.18483553782
0.368515762871 0.206044755849
0.389732950965 0.227253973878
0.419732950965 0.227253973878
0.440950139058 0.248463191907
0.440954969646 0.278463191518
0.440959800235 0.308463191129
0.440964630823 0.33846319074
0.440969461412 0.368463190352
0.440974292 0.398463189963
0.470974292 0.398463189963
0.449763935207 0.419679239659
0.479763935207 0.419679239659
0.458549023969 0.398467744163
0.428549024142 0.398470964555
0.449766212236 0.419680182584
0.428555855442 0.440896232281
0.407340944205 0.419684736785
0.407339334009 0.389684736828
0.428556522102 0.410893954857
0.449773710195 0.432103172886
0.479773710195 0.432103172886
0.500990898289 0.453312390915
0.479780541496 0.474528440611
0.458570184703 0.495744490308
0.479787372796 0.516953708337
0.509787372796 0.516953708337
0.509792203385 0.546953707948
0.531009391478 0.568162925977
0.552226579571 0.589372144006
0.573443767665 0.610581362035
0.594660955758 0.631790580064
0.564660955931 0.631793800457
0.585878144025 0.653003018486
0.615878144025 0.653003018486
0.645878144025 0.653003018486
0.624663232787 0.63179152299
0.624668063375 0.661791522601
0.654668063375 0.661791522601
0.684668063375 0.661791522601
0.654668063548 0.661794742993
0.675885251642 0.683003961022
0.675883641445 0.653003961066
0.675888472034 0.683003960677
0.697105660127 0.704213178706
0.718322848221 0.725422396735
0.697112491428 0.746638446431
0.718329679521 0.76784766446
