0.0700000001728 0.100003220392
0.0912171882663 0.121212438421
0.11243437636 0.142421656451
0.133651564453 0.16363087448
0.112436653215 0.142419378984
0.142436653215 0.142419378984
0.172436653215 0.142419378984
0.172435043019 0.112419379027
0.202435043019 0.112419379027
0.223652231113 0.133628597056
0.244869419206 0.154837815085
0.2660866073 0.176047033114
0.287303795393 0.197256251144
0.308520983486 0.218465469173
0.32973817158 0.239674687202
0.350955359673 0.260883905231
0.320955359846 0.260887125623
0.34217254794 0.282096343653
0.363389736033 0.303305561682
0.34217937924 0.324521611378
0.363396567333 0.345730829407
0.384613755427 0.366940047436
0.40583094352 0.388149265465
0.427048131614 0.409358483494
0.448265319707 0.430567701524
0.4694825078 0.451776919553
0.490695141938 0.430563146834
0.490699972527 0.460563146446
0.520699972527 0.460563146446
0.520704803115 0.490563146057
0.520709633703 0.520563145668
0.541926821797 0.541772363697
0.571926821797 0.541772363697
0.571925211601 0.51177236374
0.541925211774 0.511775584132
0.563137845911 0.490561811414
0.5631426765 0.520561811025
0.563147507088 0.550561810636
0.54193259585 0.52935031514
0.541937426439 0.559350314751
0.541935816243 0.529350314795
0.541940646831 0.559350314406
0.541945477419 0.589350314017
0.563158111557 0.568136541299
0.563162942146 0.59813654091
0.593162942146 0.59813654091
0.614375576283 0.576922768191
0.614380406872 0.606922767802
0.61438523746 0.636922767414
0.614390068049 0.666922767025
0.614394898637 0.696922766636
0.644394898637 0.696922766636
0.61439489881 0.696925987028
0.635612086903 0.718135205057
0.614397175665 0.696923709561
0.635609809803 0.675709936843
0.61439945301 0.696925986539
0.614397842814 0.666925986582
0.635610476952 0.645712213864
0.635608866755 0.615712213907
0.635607256559 0.585712213951
0.656819890697 0.564498441232
0.656824721285 0.594498440843
0.656829551874 0.624498440454
0.656834382462 0.654498440066
0.656839213051 0.684498439677
0.678056401144 0.705707657706
0.699269035282 0.684493884988
0.720486223375 0.705703103017
0.741703411469 0.726912321046
