0.0787850887622 0.0787885045041
0.0787834785661 0.0487885045473
0.108783478566 0.0487885045473
0.0875685673283 0.0275770090514
0.0875733979167 0.0575770086625
0.0663630411237 0.0787930583586
0.0875802292171 0.100002276388
0.117580229217 0.100002276388
0.138792863355 0.0787885036695
0.138797693943 0.108788503281
0.168797693943 0.108788503281
0.138797694116 0.108791723673
0.168797694116 0.108791723673
0.138797694289 0.108794944065
0.168797694289 0.108794944065
0.190014882382 0.130004162094
0.211232070476 0.151213380123
0.190017159238 0.130001884628
0.211234347331 0.151211102657
0.232451535425 0.172420320686
0.253668723518 0.193629538715
0.274885911612 0.214838756744
0.296103099705 0.236047974773
0.326103099705 0.236047974773
0.356103099705 0.236047974773
0.377315733843 0.214834202055
0.398532921936 0.236043420084
0.41975011003 0.257252638113
0.440967298123 0.278461856142
0.440972128712 0.308461855754
0.4409769593 0.338461855365
0.462194147393 0.359671073394
0.462198977982 0.389671073005
0.440988621189 0.410887122701
0.419773709951 0.389675627205
0.398563353158 0.410891676901
0.419775987296 0.389677904183
0.419774377099 0.359677904226
0.449774377099 0.359677904226
0.428559465862 0.33846640873
0.398559466034 0.338469629123
0.377349109241 0.359685678819
0.407349109241 0.359685678819
0.377349109414 0.359688899211
0.398561743552 0.338475126493
0.368561743725 0.338478346885
0.398561743725 0.338478346885
0.398566574313 0.368478346496
0.428566574313 0.368478346496
0.458566574313 0.368478346496
0.458571404902 0.398478346107
0.437361048109 0.419694395803
0.416150691315 0.4409104455
0.446150691315 0.4409104455
0.424940334522 0.462126495196
0.446157522616 0.483335713225
0.467374710709 0.504544931254
0.488591898803 0.525754149283
0.509809086896 0.546963367312
0.539809086896 0.546963367312
0.561021721034 0.525749594594
0.539811364241 0.54696564429
0.561023998378 0.525751871572
0.539813641585 0.546967921268
0.561030829679 0.568177139297
0.582248017772 0.589386357326
0.612248017772 0.589386357326
0.61225284836 0.619386356938
0.64225284836 0.619386356938
0.642257678949 0.649386356549
0.672257678949 0.649386356549
0.693474867042 0.670595574578
0.714692055136 0.691804792607
0.735909243229 0.713014010636
0.757126431323 0.734223228665
