0.13 0.1
0.108785088762 0.0787885045041
0.108789919351 0.108788504115
0.138789919351 0.108788504115
0.138794749939 0.138788503726
0.168794749939 0.138788503726
0.198794749939 0.138788503726
0.220011938033 0.159997721755
0.220016768621 0.189997721366
0.250016768621 0.189997721366
0.228806411828 0.211213771063
0.258806411828 0.211213771063
0.280023599921 0.232422989092
0.258813243128 0.253639038788
0.288813243128 0.253639038788
0.318813243128 0.253639038788
0.348813243128 0.253639038788
0.318813243301 0.25364225918
0.297598332063 0.232430763684
0.327598332063 0.232430763684
0.357598332063 0.232430763684
0.387598332063 0.232430763684
0.387603162652 0.262430763295
0.417603162652 0.262430763295
0.438820350745 0.283639981325
0.438825181334 0.313639980936
0.438830011922 0.343639980547
0.438834842511 0.373639980158
0.468834842511 0.373639980158
0.468833232314 0.343639980201
0.468838062903 0.373639979812
0.498838062903 0.373639979812
0.498842893491 0.403639979423
0.498841283295 0.373639979466
0.498846113884 0.403639979078
0.477631202646 0.382428483582
0.498848390739 0.403637701611
0.477638033946 0.424853751307
0.498850668084 0.403639978589
0.477640311291 0.424856028285
0.456429954498 0.446072077981
0.435219597704 0.467288127677
0.414009240911 0.488504177373
0.435226429005 0.509713395402
0.456443617098 0.530922613432
0.477660805192 0.552131831461
0.498877993285 0.57334104949
0.520095181379 0.594550267519
0.520100011967 0.62455026713
0.520104842555 0.654550266741
0.550104842555 0.654550266741
0.580104842555 0.654550266741
0.610104842555 0.654550266741
0.631317476693 0.633336494023
0.631322307282 0.663336493634
0.631320697085 0.633336493677
0.631319086889 0.60333649372
0.610108730096 0.624552543417
0.6101071199 0.59455254346
0.588896763107 0.615768593156
0.567686406314 0.636984642852
0.588903594407 0.658193860881
0.588908424996 0.688193860492
0.618908424996 0.688193860492
0.648908424996 0.688193860492
0.670125613089 0.709403078522
0.691342801183 0.730612296551
0.661342801355 0.730615516943
0.682559989449 0.751824734972
0.703777177542 0.773033953001
