0.0700000001728 0.100003220392
0.100000000173 0.100003220392
0.130000000173 0.100003220392
0.160000000173 0.100003220392
0.13878964338 0.121219270088
0.160002277517 0.10000549737
0.190002277517 0.10000549737
0.211214911655 0.0787917246519
0.211219742243 0.108791724263
0.211224572832 0.138791723874
0.23243720697 0.117577951156
0.232442037558 0.147577950767
0.253654671696 0.126364178049
0.253659502284 0.15636417766
0.274872136422 0.135150404941
0.27487696701 0.165150404553
0.244876967183 0.165153624945
0.266094155276 0.186362842974
0.244883798483 0.20757889267
0.214883798656 0.207582113062
0.244883798656 0.207582113062
0.24488218846 0.177582113106
0.214882188633 0.177585333498
0.214880578437 0.147585333541
0.214878968241 0.117585333584
0.236091602378 0.0963715608662
0.236096432967 0.126371560477
0.257309067104 0.105157787759
0.278526255198 0.126367005788
0.299743443291 0.147576223817
0.320960631385 0.168785441846
0.342177819478 0.189994659876
0.312177819651 0.189997880268
0.333395007744 0.211207098297
0.354612195838 0.232416316326
0.375829383931 0.253625534355
0.397046572025 0.274834752384
0.418263760118 0.296043970414
0.439480948212 0.317253188443
0.460693582349 0.296039415724
0.460691972153 0.266039415768
0.43948161536 0.287255465464
0.418266704122 0.266043969968
0.439483892216 0.287253187997
0.418273535423 0.308469237693
0.439490723516 0.329678455722
0.460707911609 0.350887673752
0.481925099703 0.372096891781
0.503142287796 0.39330610981
0.52435947589 0.414515327839
0.524364306478 0.44451532745
0.524369137067 0.474515327061
0.524373967655 0.504515326672
0.554373967655 0.504515326672
0.575586601793 0.483301553954
0.59679923593 0.462087781236
0.596804066519 0.492087780847
0.596808897107 0.522087780458
0.596813727696 0.552087780069
0.618030915789 0.573296998098
0.618035746377 0.603296997709
0.618040576966 0.63329699732
0.618045407554 0.663296996931
0.648045407554 0.663296996931
0.626830496317 0.642085501435
0.626835326905 0.672085501047
0.656835326905 0.672085501047
0.656833716709 0.64208550109
0.678050904802 0.663294719119
0.678049294606 0.633294719162
0.678054125195 0.663294718773
0.656843768402 0.684510768469
0.678060956495 0.705719986499
0.656846045257 0.684508491003
0.678063233351 0.705717709032
0.648063233523 0.705720929424
0.678063233523 0.705720929424
0.699280421617 0.726930147453
0.72049760971 0.748139365482
