0.0999983898038 0.0700000000432
0.121215577897 0.0912092180724
0.10000066666 0.0699977225764
0.0787903098664 0.0912137722726
0.10000749796 0.112422990302
0.121224686053 0.133632208331
0.100009774816 0.112420712835
0.130009774816 0.112420712835
0.108799418022 0.133636762531
0.0787994181953 0.133639982923
0.0575890614022 0.15485603262
0.0788016955398 0.133642259901
0.100014329677 0.112428487183
0.121231517771 0.133637705212
0.142448705864 0.154846923241
0.163661340002 0.133633150523
0.184878528095 0.154842368552
0.206095716189 0.176051586581
0.227312904282 0.197260804611
0.24852553842 0.176047031892
0.248530369008 0.206047031503
0.269747557102 0.227256249533
0.299747557102 0.227256249533
0.320964745195 0.248465467562
0.342181933289 0.269674685591
0.342186763877 0.299674685202
0.372186763877 0.299674685202
0.402186763877 0.299674685202
0.380976407084 0.320890734898
0.402193595177 0.342099952927
0.423410783271 0.363309170956
0.444627971364 0.384518388985
0.465845159458 0.405727607015
0.487062347551 0.426936825044
0.508279535645 0.448146043073
0.538279535645 0.448146043073
0.568279535645 0.448146043073
0.598279535645 0.448146043073
0.619492169782 0.426932270355
0.649492169782 0.426932270355
0.67070480392 0.405718497636
0.670709634508 0.435718497247
0.670714465097 0.465718496859
0.670719295685 0.49571849647
0.670724126274 0.525718496081
0.670728956862 0.555718495692
0.649514045624 0.534507000196
0.649518876213 0.564506999807
0.649523706801 0.594506999418
0.679523706801 0.594506999418
0.67952853739 0.624506999029
0.70952853739 0.624506999029
0.730745725483 0.645716217058
0.751962913577 0.666925435088
0.77318010167 0.688134653117
0.773178491474 0.65813465316
0.751963580236 0.636923157664
0.773180768329 0.658132375693
0.743180768502 0.658135596085
0.764397956596 0.679344814115
0.785615144689 0.700554032144
0.806832332783 0.721763250173
