0.121217188093 0.121209218029
0.151217188093 0.121209218029
0.172434376187 0.142418436058
0.172439206775 0.172418435669
0.151228849982 0.193634485366
0.151233680571 0.223634484977
0.151232070375 0.19363448502
0.151230460178 0.163634485063
0.151228849982 0.133634485106
0.130013938744 0.11242298961
0.151231126838 0.13363220764
0.172443760976 0.112418434921
0.151228849738 0.0912069394253
0.172446037831 0.112416157454
0.193663225925 0.133625375484
0.214875860062 0.112411602765
0.236093048156 0.133620820794
0.257310236249 0.154830038824
0.278527424343 0.176039256853
0.299744612436 0.197248474882
0.320961800529 0.218457692911
0.342178988623 0.23966691094
0.363396176716 0.260876128969
0.38461336481 0.282085346999
0.354613364983 0.282088567391
0.384613364983 0.282088567391
0.405830553076 0.30329778542
0.427047741169 0.324507003449
0.448264929263 0.345716221478
0.418264929436 0.345719441871
0.41826331924 0.315719441914
0.397048408002 0.294507946418
0.427048408002 0.294507946418
0.42705323859 0.324507946029
0.448270426684 0.345717164058
0.448275257272 0.375717163669
0.448280087861 0.40571716328
0.448284918449 0.435717162891
0.448289749037 0.465717162502
0.448294579626 0.495717162114
0.448299410214 0.525717161725
0.448304240803 0.555717161336
0.418304240976 0.555720381728
0.439521429069 0.576929599757
0.460738617162 0.598138817786
0.481955805256 0.619348035815
0.481960635844 0.649348035427
0.511960635844 0.649348035427
0.541960635844 0.649348035427
0.571960635844 0.649348035427
0.601960635844 0.649348035427
0.580750279051 0.670564085123
0.610750279051 0.670564085123
0.640750279051 0.670564085123
0.670750279051 0.670564085123
0.649535367813 0.649352589627
0.649540198402 0.679352589238
0.64954502899 0.709352588849
0.67954502899 0.709352588849
0.700762217084 0.730561806878
0.721979405177 0.751771024907
