0.13 0.1
0.130004830588 0.129999999611
0.160004830588 0.129999999611
0.181217464726 0.108786226893
0.211217464726 0.108786226893
0.211222295315 0.138786226504
0.232439483408 0.159995444533
0.262439483408 0.159995444533
0.283656671501 0.181204662562
0.304873859595 0.202413880591
0.334873859595 0.202413880591
0.364873859595 0.202413880591
0.394873859595 0.202413880591
0.394878690183 0.232413880202
0.416095878277 0.253623098232
0.446095878277 0.253623098232
0.46731306637 0.274832316261
0.467317896959 0.304832315872
0.467322727547 0.334832315483
0.467327558135 0.364832315094
0.446117201342 0.38604836479
0.424902290105 0.364836869294
0.454902290105 0.364836869294
0.433691933311 0.38605291899
0.463691933311 0.38605291899
0.442481576518 0.407268968687
0.421271219725 0.428485018383
0.451271219725 0.428485018383
0.430060862932 0.449701068079
0.408850506139 0.470917117775
0.438850506139 0.470917117775
0.417640149346 0.492133167471
0.417644979935 0.522133167082
0.438862168028 0.543342385111
0.468862168028 0.543342385111
0.44764725679 0.522130889616
0.426436899997 0.543346939312
0.447654088091 0.564556157341
0.468871276184 0.58576537537
0.490088464277 0.606974593399
0.511305652371 0.628183811428
0.541305652371 0.628183811428
0.562522840464 0.649393029457
0.562527671053 0.679393029069
0.541312759815 0.658181533573
0.541311149619 0.628181533616
0.520096238381 0.60697003812
0.490096238554 0.606973258512
0.511313426647 0.628182476541
0.490103069854 0.649398526238
0.511320257948 0.670607744267
0.541320257948 0.670607744267
0.571320257948 0.670607744267
0.601320257948 0.670607744267
0.631320257948 0.670607744267
0.631325088536 0.700607743878
0.661325088536 0.700607743878
0.682542276629 0.721816961907
0.703759464723 0.743026179936
0.724976652816 0.764235397965
