0.0999983898038 0.0700000000432
0.0787834785661 0.0487885045473
0.0575685673283 0.0275770090514
0.0363536560905 0.00636551355545
0.0363536560905 0.00636551355545
0.0363536560905 0.00636551355545
0.0151432992974 0.0275815632516
0.0363604873909 0.0487907812808
0.0363653179793 0.0787907808919
0.0151549611862 0.100006830588
0.0151533509901 0.0700068306312
0.0451533509901 0.0700068306312
0.0151533511629 0.0700100510235
0.0151533511629 0.0700100510235
0.0151581817514 0.100010050635
0.0363753698448 0.121219268664
0.0575925579382 0.142428486693
0.0788097460317 0.163637704722
0.100022380169 0.142423932004
0.0700223803422 0.142427152396
0.070020770146 0.112427152439
0.0400207703189 0.112430372832
0.0612379584123 0.133639590861
0.0612427890007 0.163639590472
0.0824554231384 0.142425817754
0.103672611232 0.163635035783
0.124885245369 0.142421263064
0.146102433463 0.163630481094
0.146107264051 0.193630480705
0.167319898189 0.172416707986
0.188532532327 0.151202935268
0.209745166464 0.12998916255
0.239745166464 0.12998916255
0.239743556268 0.0999891625931
0.260956190406 0.0787753898748
0.239745833613 0.099991439571
0.239750664201 0.129991439182
0.23975549479 0.159991438793
0.239753884593 0.129991438836
0.260966518731 0.108777666118
0.260971349319 0.138777665729
0.282183983457 0.117563893011
0.282188814046 0.147563892622
0.303401448183 0.126350119904
0.303406278772 0.156350119515
0.282195921979 0.177566169211
0.260981010741 0.156354673715
0.282198198834 0.177563891744
0.303415386928 0.198773109773
0.324628021065 0.177559337055
0.345840655203 0.156345564337
0.345845485791 0.186345563948
0.367058119929 0.16513179123
0.367062950517 0.195131790841
0.345852593724 0.216347840537
0.367069781818 0.237557058566
0.388286969911 0.258766276595
0.358286970084 0.258769496988
0.337072058846 0.237558001492
0.358284692984 0.216344228773
0.388284692984 0.216344228773
0.409501881077 0.237553446802
0.430719069171 0.258762664832
0.409504157933 0.237551169336
0.439504157933 0.237551169336
0.439508988522 0.267551168947
0.460726176615 0.288760386976
0.439511265377 0.26754889148
0.439516095966 0.297548891091
0.439520926554 0.327548890702
0.469520926554 0.327548890702
0.469525757143 0.357548890313
0.469530587731 0.387548889924
0.469535418319 0.417548889535
0.490752606413 0.438758107565
0.511969794506 0.459967325594
0.490759437713 0.48118337529
0.511976625807 0.502392593319
0.5331938139 0.523601811348
0.554411001993 0.544811029377
0.575628190087 0.566020247407
0.54562819026 0.566023467799
0.566845378353 0.587232685828
0.536845378526 0.58723590622
0.558058012664 0.566022133502
0.536847655871 0.587238183198
0.558064843964 0.608447401227
0.579282032057 0.629656619256
0.600494666195 0.608442846538
0.600499496784 0.638442846149
0.630499496784 0.638442846149
0.630504327372 0.66844284576
0.65171696151 0.647229073042
0.651721792098 0.677229072653
0.681721792098 0.677229072653
0.702938980191 0.698438290682
0.70294381078 0.728438290293
0.702948641368 0.758438289905
0.724165829462 0.779647507934
