0.13 0.1
0.129998389804 0.0700000000432
0.159998389804 0.0700000000432
0.129998389977 0.0700032204355
0.159998389977 0.0700032204355
0.18121557807 0.0912124384647
0.202432766164 0.112421656494
0.232432766164 0.112421656494
0.211217854926 0.0912101609979
0.232435043019 0.112419379027
0.253652231113 0.133628597056
0.223652231286 0.133631817448
0.244869419379 0.154841035478
0.266086607472 0.176050253507
0.236086607645 0.176053473899
0.266086607645 0.176053473899
0.287303795739 0.197262691928
0.287302185542 0.167262691971
0.266087274305 0.146051196476
0.287304462398 0.167260414505
0.308521650492 0.188469632534
0.329738838585 0.209678850563
0.350956026678 0.230888068592
0.372173214772 0.252097286621
0.402173214772 0.252097286621
0.423390402865 0.27330650465
0.444607590959 0.29451572268
0.465824779052 0.315724940709
0.487041967146 0.336934158738
0.508259155239 0.358143376767
0.529476343332 0.379352594796
0.529481173921 0.409352594407
0.529486004509 0.439352594018
0.529490835098 0.469352593629
0.529495665686 0.49935259324
0.529500496275 0.529352592852
0.529498886079 0.499352592895
0.529503716667 0.529352592506
0.529508547255 0.559352592117
0.529513377844 0.589352591728
0.508298466606 0.568141096232
0.50829685641 0.538141096275
0.529514044503 0.559350314305
0.550731232597 0.580559532334
0.571943866734 0.559345759615
0.571948697323 0.589345759226
0.593165885416 0.610554977256
0.593170716005 0.640554976867
0.614383350142 0.619341204148
0.614388180731 0.64934120376
0.614393011319 0.679341203371
0.644393011319 0.679341203371
0.674393011319 0.679341203371
0.695605645457 0.658127430652
0.695610476045 0.688127430263
0.716827664139 0.709336648293
0.695612752901 0.688125152797
0.716829940994 0.709334370826
0.738047129088 0.730543588855
