0.121217188093 0.121209218029
0.142434376187 0.142418436058
0.142432765991 0.112418436102
0.163645400128 0.0912046633832
0.184862588222 0.112413881412
0.206079776315 0.133623099442
0.227296964409 0.154832317471
0.248514152502 0.1760415355
0.248512542306 0.146041535543
0.227302185513 0.167257585239
0.257302185513 0.167257585239
0.236087274275 0.146046089743
0.257304462369 0.167255307772
0.278521650462 0.188464525802
0.299738838555 0.209673743831
0.299743669144 0.239673743442
0.329743669144 0.239673743442
0.359743669144 0.239673743442
0.389743669144 0.239673743442
0.410960857237 0.260882961471
0.38096085741 0.260886181863
0.402178045504 0.282095399892
0.423395233597 0.303304617922
0.44461242169 0.324513835951
0.465829609784 0.34572305398
0.465834440372 0.375723053591
0.465839270961 0.405723053202
0.465844101549 0.435723052813
0.465848932138 0.465723052424
0.465853762726 0.495723052035
0.465858593314 0.525723051646
0.465863423903 0.555723051257
0.44465306711 0.576939100954
0.47465306711 0.576939100954
0.50465306711 0.576939100954
0.53465306711 0.576939100954
0.534657897698 0.606939100565
0.564657897698 0.606939100565
0.543447540905 0.628155150261
0.573447540905 0.628155150261
0.573452371494 0.658155149872
0.594669559587 0.679364367901
0.624669559587 0.679364367901
0.654669559587 0.679364367901
0.654674390175 0.709364367512
0.675891578269 0.730573585541
0.697108766362 0.751782803571
0.718325954456 0.7729920216
