0.100004830588 0.129999999611
0.100003220392 0.0999999996543
0.121220408486 0.121209217683
0.142433042623 0.0999954449652
0.163645676761 0.0787816722469
0.163650507349 0.108781671858
0.163655337938 0.138781671469
0.184872526031 0.159990889498
0.206085160169 0.13877711678
0.206089990757 0.168777116391
0.236089990757 0.168777116391
0.257302624895 0.147563343673
0.287302624895 0.147563343673
0.287301014699 0.117563343716
0.287305845287 0.147563343327
0.308518479425 0.126349570609
0.329731113563 0.105135797891
0.299731113735 0.105139018283
0.299729503539 0.0751390183261
0.299734334128 0.105139017937
0.299739164716 0.135139017548
0.278528807923 0.156355067244
0.278527197727 0.126355067288
0.29974438582 0.147564285317
0.320957019958 0.126350512599
0.320955409762 0.0963505126417
0.299745052969 0.117566562338
0.299749883557 0.147566561949
0.320962517695 0.126352789231
0.290962517868 0.126356009623
0.312179705961 0.147565227652
0.312178095765 0.117565227695
0.282178095938 0.117568448088
0.312178095938 0.117568448088
0.333390730076 0.0963546753694
0.354603364213 0.0751409026511
0.33339300742 0.0963569523473
0.312182650627 0.117573002043
0.33339983872 0.138782220073
0.333398228524 0.108782220116
0.354615416618 0.129991438145
0.354613806422 0.0999914381882
0.324613806594 0.0999946585805
0.303403449801 0.121210708277
0.324616083939 0.0999969355584
0.324614473743 0.0699969356016
0.34582710788 0.0487831628833
0.324616751087 0.0699992125795
0.303406394294 0.0912152622756
0.303411224883 0.121215261887
0.32462385902 0.100001489168
0.324628689609 0.13000148878
0.345845877702 0.151210706809
0.345844267506 0.121210706852
0.367056901644 0.0999969341337
0.388274089737 0.121206152163
0.367063732944 0.142422201859
0.367062122748 0.112422201902
0.345851765955 0.133638251598
0.345850155759 0.103638251642
0.324639798966 0.124854301338
0.345856987059 0.146063519367
0.345855376863 0.11606351941
0.345853766667 0.0860635194533
0.375853766667 0.0860635194533
0.405853766667 0.0860635194533
0.405858597255 0.116063519064
0.405863427844 0.146063518675
0.435863427844 0.146063518675
0.457080615937 0.167272736705
0.478297804031 0.188481954734
0.499514992124 0.209691172763
0.469514992297 0.209694393155
0.490727626434 0.188480620437
0.511944814528 0.209689838466
0.481944814701 0.209693058858
0.511944814701 0.209693058858
0.533162002794 0.230902276888
0.533160392598 0.200902276931
0.511950035805 0.222118326627
0.481950035978 0.222121547019
0.503162670115 0.200907774301
0.503167500704 0.230907773912
0.524380134841 0.209694001194
0.503165223604 0.188482505698
0.533165223604 0.188482505698
0.511954866811 0.209698555394
0.511953256614 0.179698555437
0.490742899821 0.200914605133
0.469532543028 0.22213065483
0.448322186235 0.243346704526
0.469534820373 0.222132931807
0.44832446358 0.243348981504
0.427109552342 0.222137486008
0.405899195549 0.243353535704
0.427111829687 0.222139762986
0.427116660275 0.252139762597
0.457116660275 0.252139762597
0.435906303482 0.273355812293
0.465906303482 0.273355812293
0.435906303655 0.273359032685
0.457118937792 0.252145259967
0.435904026555 0.230933764471
0.457121214648 0.2521429825
0.427121214821 0.252146202892
0.448338402914 0.273355420922
0.469551037052 0.252141648203
0.439551037225 0.252144868596
0.460768225318 0.273354086625
0.430768225491 0.273357307017
0.409557868698 0.294573356713
0.430770502836 0.273359583995
0.460770502836 0.273359583995
0.430770503009 0.273362804387
0.451983137146 0.252149031669
0.47320032524 0.273358249698
0.443200325412 0.27336147009
0.464417513506 0.29457068812
0.443207156713 0.315786737816
0.464424344806 0.336995955845
0.4856415329 0.358205173874
0.506858720993 0.379414391903
0.506863551582 0.409414391514
0.50686838217 0.439414391125
0.528085570263 0.460623609154
0.50687521347 0.481839658851
0.506880044059 0.511839658462
0.506884874647 0.541839658073
0.528102062741 0.563048876102
0.528106893329 0.593048875713
0.506896536536 0.614264925409
0.528109170674 0.593051152691
0.549321804811 0.571837379973
0.570534438949 0.550623607254
0.570539269537 0.580623606866
0.600539269537 0.580623606866
0.621751903675 0.559409834147
0.621756734263 0.589409833758
0.621761564852 0.619409833369
0.64297419899 0.598196060651
0.642972588793 0.568196060694
0.664189776887 0.589405278724
0.664194607475 0.619405278335
0.642984250682 0.640621328031
0.672984250682 0.640621328031
0.702984250682 0.640621328031
0.732984250682 0.640621328031
0.732982640486 0.610621328074
0.711772283693 0.63183737777
0.681772283866 0.631840598162
0.681777114454 0.661840597774
0.660566757661 0.68305664747
0.690566757661 0.68305664747
0.669351846423 0.661845151974
0.669356677012 0.691845151585
0.690573865105 0.713054369614
0.660573865278 0.713057590006
0.681786499416 0.691843817288
0.703003687509 0.713053035317
0.733003687509 0.713053035317
0.754220875603 0.734262253346
