0.0787850887622 0.0787885045041
0.100002276856 0.0999977225332
0.130002276856 0.0999977225332
0.151214910993 0.078783949815
0.172432099087 0.0999931678441
0.19364928718 0.121202385873
0.22364928718 0.121202385873
0.244866475274 0.142411603902
0.223651564036 0.121200108406
0.244868752129 0.142409326436
0.274868752129 0.142409326436
0.296085940223 0.163618544465
0.326085940223 0.163618544465
0.356085940223 0.163618544465
0.377303128316 0.184827762494
0.39852031641 0.206036980523
0.419737504503 0.227246198552
0.419742335091 0.257246198163
0.440959523185 0.278455416192
0.440964353773 0.308455415804
0.440969184362 0.338455415415
0.462181818499 0.317241642696
0.462186649088 0.347241642307
0.483403837181 0.368450860337
0.48340866777 0.398450859948
0.483413498358 0.428450859559
0.504626132496 0.407237086841
0.525838766633 0.386023314122
0.525843597222 0.416023313733
0.504633240429 0.43723936343
0.483422883636 0.458455413126
0.462212526843 0.479671462822
0.44100217005 0.500887512518
0.47100217005 0.500887512518
0.449791813256 0.522103562214
0.44979020306 0.492103562257
0.47979020306 0.492103562257
0.479788592864 0.462103562301
0.458578236071 0.483319611997
0.479790870209 0.462105839278
0.449790870382 0.462109059671
0.449789260185 0.432109059714
0.419789260358 0.432112280106
0.39857434912 0.41090078461
0.42857434912 0.41090078461
0.449791537214 0.43211000264
0.419791537387 0.432113223032
0.449791537387 0.432113223032
0.41979153756 0.432116443424
0.44979153756 0.432116443424
0.449796368148 0.462116443035
0.449801198736 0.492116442646
0.449806029325 0.522116442257
0.471018663463 0.500902669539
0.471023494051 0.53090266915
0.492236128189 0.509688896432
0.522236128189 0.509688896432
0.522234517993 0.479688896475
0.501024161199 0.500904946171
0.522236795337 0.479691173453
0.501026438544 0.500907223149
0.471026438717 0.500910443542
0.44102643889 0.500913663934
0.462243626983 0.522122881963
0.432243627156 0.522126102355
0.43224201696 0.492126102398
0.453459205053 0.513335320428
0.474676393147 0.534544538457
0.453466036354 0.555760588153
0.432251125116 0.534549092657
0.453463759253 0.513335319939
0.432248848016 0.492123824443
0.462248848016 0.492123824443
0.441033936778 0.470912328947
0.41981902554 0.449700833451
0.389819025713 0.449704053843
0.389817415517 0.419704053886
0.419817415517 0.419704053886
0.419815805321 0.38970405393
0.398605448528 0.410920103626
0.419822636621 0.432129321655
0.441039824714 0.453338539684
0.462257012808 0.474547757713
0.44104210157 0.453336262217
0.441040491374 0.423336262261
0.441038881178 0.393336262304
0.41982396994 0.372124766808
0.441041158033 0.393333984837
0.462258346127 0.414543202866
0.462263176715 0.444543202477
0.462268007304 0.474543202088
0.462272837892 0.504543201699
0.492272837892 0.504543201699
0.522272837892 0.504543201699
0.522277668481 0.534543201311
0.522282499069 0.564543200922
0.522287329658 0.594543200533
0.543499963795 0.573329427814
0.573499963795 0.573329427814
0.552289607002 0.594545477511
0.552294437591 0.624545477122
0.573507071728 0.603331704403
0.573511902317 0.633331704015
0.573516732905 0.663331703626
0.594729367043 0.642117930907
0.594734197631 0.672117930518
0.594732587435 0.642117930562
0.594737418023 0.672117930173
0.615950052161 0.650904157454
0.594735140923 0.629692661959
0.57352478413 0.650908711655
0.573523173934 0.620908711698
0.552312817141 0.642124761394
0.552311206945 0.612124761437
0.522311207118 0.61212798183
0.50109629588 0.590916486334
0.522313483973 0.612125704363
0.543530672067 0.633334922392
0.56474786016 0.654544140421
0.564746249964 0.624544140464
0.564751080553 0.654544140075
0.534751080725 0.654547360468
0.564751080725 0.654547360468
0.534751080898 0.65455058086
0.564751080898 0.65455058086
0.534751081071 0.654553801252
0.564751081071 0.654553801252
0.534751081244 0.654557021645
0.564751081244 0.654557021645
0.594751081244 0.654557021645
0.573540724451 0.675773071341
0.603540724451 0.675773071341
0.633540724451 0.675773071341
0.603540724624 0.675776291733
0.582330367831 0.696992341429
0.612330367831 0.696992341429
0.642330367831 0.696992341429
0.672330367831 0.696992341429
0.702330367831 0.696992341429
0.681120011038 0.718208391125
0.702337199131 0.739417609155
0.723549833269 0.718203836436
0.744767021362 0.739413054465
