0.13 0.1
0.16 0.1
0.138789643207 0.121216049696
0.138788033011 0.0912160497394
0.117577676218 0.112432099436
0.138794864311 0.133641317465
0.168794864311 0.133641317465
0.198794864311 0.133641317465
0.228794864311 0.133641317465
0.258794864311 0.133641317465
0.258793254115 0.103641317508
0.280010442208 0.124850535537
0.301227630302 0.146059753566
0.322444818395 0.167268971595
0.343662006489 0.188478189624
0.373662006489 0.188478189624
0.394874640626 0.167264416906
0.373664283833 0.188480466602
0.343664284006 0.188483686995
0.3648814721 0.209692905024
0.386098660193 0.230902123053
0.364883748955 0.209690627557
0.386100937049 0.230899845586
0.407318125142 0.252109063615
0.428535313235 0.273318281644
0.449752501329 0.294527499674
0.449757331917 0.324527499285
0.42854242068 0.303316003789
0.449759608773 0.324525221818
0.470976796866 0.345734439847
0.500976796866 0.345734439847
0.479766440073 0.366950489543
0.500979074211 0.345736716825
0.522196262304 0.366945934854
0.522194652108 0.336945934897
0.492194652281 0.33694915529
0.513411840375 0.358158373319
0.534629028468 0.379367591348
0.555846216561 0.400576809377
0.525846216734 0.400580029769
0.555846216734 0.400580029769
0.585846216734 0.400580029769
0.564631305497 0.379368534273
0.58584849359 0.400577752303
0.61584849359 0.400577752303
0.615853324178 0.430577751914
0.645853324178 0.430577751914
0.645858154767 0.460577751525
0.645862985355 0.490577751136
0.645867815944 0.520577750747
0.645872646532 0.550577750358
0.645877477121 0.580577749969
0.667094665214 0.601786967998
0.667099495802 0.631786967609
0.688316683896 0.652996185639
0.658316684069 0.652999406031
0.679533872162 0.67420862406
0.679532261966 0.644208624103
0.658321905173 0.665424673799
0.679539093266 0.686633891829
0.709539093266 0.686633891829
0.73075628136 0.707843109858
0.751973469453 0.729052327887
