0.0999983898038 0.0700000000432
0.100003220392 0.0999999996543
0.100008050981 0.129999999265
0.130008050981 0.129999999265
0.130012881569 0.159999998876
0.130011271373 0.12999999892
0.130016101961 0.159999998531
0.160016101961 0.159999998531
0.190016101961 0.159999998531
0.211233290055 0.18120921656
0.232450478148 0.202418434589
0.253667666242 0.223627652618
0.274884854335 0.244836870647
0.296102042429 0.266046088677
0.274891685636 0.287262138373
0.296108873729 0.308471356402
0.274898516936 0.329687406098
0.304898516936 0.329687406098
0.274898517109 0.32969062649
0.304898517109 0.32969062649
0.334898517109 0.32969062649
0.364898517109 0.32969062649
0.394898517109 0.32969062649
0.416115705202 0.350899844519
0.437332893296 0.372109062549
0.467332893296 0.372109062549
0.446117982058 0.350897567053
0.424907625265 0.372113616749
0.403692714027 0.350902121253
0.403697544615 0.380902120864
0.433697544615 0.380902120864
0.463697544615 0.380902120864
0.433697544788 0.380905341256
0.454914732882 0.402114559285
0.424914733055 0.402117779678
0.454914733055 0.402117779678
0.454919563643 0.432117779289
0.433704652405 0.410906283793
0.412489741167 0.389694788297
0.442489741167 0.389694788297
0.442494571756 0.419694787908
0.442499402344 0.449694787519
0.442504232933 0.47969478713
0.442509063521 0.509694786741
0.472509063521 0.509694786741
0.47251389411 0.539694786352
0.442513894282 0.539698006745
0.472513894282 0.539698006745
0.493731082376 0.560907224774
0.523731082376 0.560907224774
0.553731082376 0.560907224774
0.532516171138 0.539695729278
0.532521001727 0.569695728889
0.562521001727 0.569695728889
0.58373818982 0.590904946918
0.604955377913 0.612114164947
0.634955377913 0.612114164947
0.656168012051 0.590900392229
0.677385200145 0.612109610258
0.698597834282 0.59089583754
0.719815022376 0.612105055569
0.741032210469 0.633314273598
0.741030600273 0.603314273641
0.762247788366 0.624523491671
0.78346497646 0.6457327097
0.753464976633 0.645735930092
0.732254619839 0.666951979788
0.753471807933 0.688161197817
0.732256896695 0.666949702321
0.711041985457 0.645738206826
0.732259173551 0.666947424855
0.732264004139 0.696947424466
0.753481192233 0.718156642495
