0.0999983898038 0.0700000000432
0.100003220392 0.0999999996543
0.100008050981 0.129999999265
0.121220685118 0.108786226547
0.121225515707 0.138786226158
0.121230346295 0.168786225769
0.121235176884 0.19878622538
0.142452364977 0.21999544341
0.163664999115 0.198781670691
0.184877633252 0.177567897973
0.206094821346 0.198777116002
0.227312009439 0.219986334031
0.197312009612 0.219989554424
0.21852464375 0.198775781705
0.239741831843 0.219984999734
0.260959019937 0.241194217764
0.239744108699 0.219982722268
0.260956742837 0.198768949549
0.28217393093 0.219978167579
0.303391119023 0.241187385608
0.324603753161 0.219973612889
0.324608583749 0.249973612501
0.345825771843 0.27118283053
0.367042959936 0.292392048559
0.38826014803 0.313601266588
0.409472782167 0.29238749387
0.430689970261 0.313596711899
0.451907158354 0.334805929928
0.421907158527 0.33480915032
0.421911989116 0.364809149931
0.400701632322 0.386025199628
0.379486721085 0.364813704132
0.379485110889 0.334813704175
0.400702298982 0.356022922204
0.421919487075 0.377232140233
0.391919487248 0.377235360625
0.421919487248 0.377235360625
0.421924317837 0.407235360237
0.44314150593 0.428444578266
0.443139895734 0.398444578309
0.443144726322 0.42844457792
0.443149556911 0.458444577531
0.443147946715 0.428444577574
0.421937589922 0.44966062727
0.400727233129 0.470876676967
0.421944421222 0.492085894996
0.443161609315 0.513295113025
0.413161609488 0.513298333417
0.39194669825 0.492086837921
0.42194669825 0.492086837921
0.443163886344 0.51329605595
0.464381074437 0.53450527398
0.464379464241 0.504505274023
0.494379464241 0.504505274023
0.494377854045 0.474505274066
0.473167497252 0.495721323762
0.443167497425 0.495724544154
0.421957140632 0.516940593851
0.443174328725 0.53814981188
0.464391516819 0.559359029909
0.485608704912 0.580568247938
0.515608704912 0.580568247938
0.485608705085 0.58057146833
0.506825893178 0.60178068636
0.528043081272 0.622989904389
0.549260269365 0.644199122418
0.519260269538 0.64420234281
0.489260269711 0.644205563202
0.519260269711 0.644205563202
0.549260269711 0.644205563202
0.549265100299 0.674205562814
0.579265100299 0.674205562814
0.609265100299 0.674205562814
0.639265100299 0.674205562814
0.669265100299 0.674205562814
0.690477734437 0.652991790095
0.669262823199 0.631780294599
0.669267653788 0.66178029421
0.669266043591 0.631780294254
0.66927087418 0.661780293865
0.648060517387 0.682996343561
0.626845606149 0.661784848065
0.626850436737 0.691784847676
0.648067624831 0.712994065705
0.669284812924 0.734203283734
0.690502001018 0.755412501764
0.711719189111 0.776621719793
