0.121217188093 0.121209218029
0.151217188093 0.121209218029
0.130002276856 0.0999977225332
0.160002276856 0.0999977225332
0.160007107444 0.129997722144
0.160005497248 0.0999977221875
0.160010327836 0.129997721799
0.16000871764 0.0999977218418
0.160013548229 0.129997721453
0.130013548402 0.130000941845
0.151226182539 0.108787169127
0.121226182712 0.108790389519
0.151226182712 0.108790389519
0.181226182712 0.108790389519
0.202443370805 0.129999607548
0.223656004943 0.10878583483
0.253656004943 0.10878583483
0.274873193037 0.129995052859
0.29609038113 0.151204270888
0.317307569223 0.172413488918
0.338524757317 0.193622706947
0.35974194541 0.214831924976
0.38974194541 0.214831924976
0.410959133504 0.236041143005
0.432176321597 0.257250361034
0.453393509691 0.278459579063
0.474610697784 0.299668797092
0.495827885877 0.320878015122
0.517045073971 0.342087233151
0.538262262064 0.36329645118
0.559479450158 0.384505669209
0.559484280746 0.41450566882
0.529484280919 0.414508889212
0.529489111507 0.444508888824
0.529493942096 0.474508888435
0.529498772684 0.504508888046
0.529503603273 0.534508887657
0.529501993077 0.5045088877
0.55071918117 0.525718105729
0.529504269932 0.504506610233
0.529509100521 0.534506609844
0.529513931109 0.564506609455
0.508299019871 0.54329511396
0.50830385046 0.573295113571
0.529521038553 0.5945043316
0.550738226647 0.615713549629
0.57195541474 0.636922767658
0.593172602834 0.658131985687
0.614385236971 0.636918212969
0.61439006756 0.66691821258
0.635602701697 0.645704439862
0.635607532286 0.675704439473
0.665607532286 0.675704439473
0.686820166423 0.654490666755
0.686824997012 0.684490666366
0.716824997012 0.684490666366
0.738042185105 0.705699884395
0.759259373199 0.726909102424
