0.121217188093 0.121209218029
0.142429822231 0.0999954453109
0.121214910993 0.078783949815
0.121219741582 0.108783949426
0.12122457217 0.138783949037
0.142437206308 0.117570176319
0.163654394401 0.138779394348
0.16365922499 0.168779393959
0.19365922499 0.168779393959
0.214871859127 0.147565621241
0.214876689716 0.177565620852
0.236089323853 0.156351848134
0.257306511947 0.177561066163
0.236096155154 0.198777115859
0.257308789291 0.177563343141
0.227308789464 0.177566563533
0.206098432671 0.198782613229
0.227311066809 0.177568840511
0.227309456613 0.147568840554
0.20609909982 0.16878489025
0.23609909982 0.16878489025
0.214888743027 0.190000939946
0.214893573615 0.220000939558
0.244893573615 0.220000939558
0.214893573788 0.22000415995
0.19367866255 0.198792664454
0.214895850643 0.220001882483
0.214900681232 0.250001882094
0.236117869325 0.271211100123
0.214902958088 0.249999604627
0.236120146181 0.271208822657
0.257337334274 0.292418040686
0.236122423037 0.27120654519
0.236120812841 0.241206545233
0.257338000934 0.262415763262
0.278555189027 0.283624981291
0.299767823165 0.262411208573
0.320985011258 0.283620426602
0.299774654465 0.304836476298
0.320991842559 0.326045694327
0.342209030652 0.347254912357
0.342207420456 0.3172549124
0.34220581026 0.287254912443
0.37220581026 0.287254912443
0.393422998353 0.308464130472
0.37221264156 0.329680180168
0.351002284767 0.350896229864
0.372214918905 0.329682457146
0.393432106998 0.350891675175
0.414649295092 0.372100893205
0.435866483185 0.393310111234
0.457083671279 0.414519329263
0.478300859372 0.435728547292
0.448300859545 0.435731767684
0.478300859545 0.435731767684
0.499518047638 0.456940985713
0.469518047811 0.456944206106
0.4695228784 0.486944205717
0.490740066493 0.508153423746
0.511957254586 0.529362641775
0.53317444268 0.550571859804
0.554391630773 0.571781077833
0.575608818867 0.592990295863
0.59682600696 0.614199513892
0.575611095722 0.592988018396
0.596828283816 0.614197236425
0.618045471909 0.635406454454
0.639262660003 0.656615672483
0.660479848096 0.677824890512
0.68169703619 0.699034108541
0.702914224283 0.720243326571
0.724131412376 0.7414525446
