0.121217188093 0.121209218029
0.100002276856 0.0999977225332
0.121219464949 0.121206940562
0.0912194651219 0.121210160955
0.11243209926 0.0999963882364
0.133649287353 0.121205606266
0.154866475446 0.142414824295
0.133651564209 0.121203328799
0.154868752302 0.142412546828
0.133653841064 0.121201051332
0.154866475202 0.0999872786137
0.154864865006 0.069987278657
0.133654508213 0.0912033283531
0.133652898017 0.0612033283963
0.133657728605 0.0912033280074
0.112447371812 0.112419377704
0.133664559905 0.133628595733
0.112449648668 0.112417100237
0.133666836761 0.133626318266
0.163666836761 0.133626318266
0.184884024854 0.154835536295
0.206096658992 0.133621763577
0.227313847086 0.154830981606
0.248531035179 0.176040199635
0.269748223272 0.197249417664
0.299748223272 0.197249417664
0.329748223272 0.197249417664
0.359748223272 0.197249417664
0.329748223445 0.197252638057
0.299748223618 0.197255858449
0.269748223791 0.197259078841
0.269746613595 0.167259078884
0.269751444183 0.197259078495
0.299751444183 0.197259078495
0.320968632277 0.218468296525
0.29096863245 0.218471516917
0.32096863245 0.218471516917
0.320973463038 0.248471516528
0.350973463038 0.248471516528
0.372186097176 0.22725774381
0.393398731313 0.206043971091
0.393397121117 0.176043971135
0.414614309211 0.197253189164
0.393399397973 0.176041693668
0.37218904118 0.197257743364
0.393406229273 0.218466961393
0.414623417367 0.239676179422
0.393408506129 0.218464683926
0.414625694222 0.239673901956
0.435842882316 0.260883119985
0.457060070409 0.282092338014
0.478277258503 0.303301556043
0.499494446596 0.324510774072
0.520711634689 0.345719992101
0.541928822783 0.36692921013
0.563146010876 0.38813842816
0.58436319897 0.409347646189
0.584361588774 0.379347646232
0.554361588946 0.379350866624
0.57557877704 0.400560084653
0.60557877704 0.400560084653
0.605583607628 0.430560084265
0.635583607628 0.430560084265
0.665583607628 0.430560084265
0.665588438217 0.460560083876
0.665593268805 0.490560083487
0.644382912012 0.511776133183
0.6443877426 0.541776132794
0.644392573189 0.571776132405
0.644397403777 0.601776132016
0.61439740395 0.601779352408
0.64439740395 0.601779352408
0.644402234539 0.63177935202
0.665614868676 0.610565579301
0.695614868676 0.610565579301
0.695619699265 0.640565578912
0.674409342472 0.661781628609
0.695626530565 0.682990846638
0.716843718659 0.704200064667
0.738060906752 0.725409282696
