0.0787850887622 0.0787885045041
0.108785088762 0.0787885045041
0.138785088762 0.0787885045041
0.108785088935 0.0787917248964
0.0875701776973 0.0575802294005
0.117570177697 0.0575802294005
0.0875701778702 0.0575834497928
0.0663552666324 0.0363719542968
0.0451403553946 0.0151604588009
0.0451403553946 0.0151604588009
0.0451403553946 0.0151604588009
0.045145185983 0.045160458412
0.0451500165715 0.0751604580231
0.0239351053337 0.0539489625272
0.0451522934271 0.0751581805563
0.0451571240156 0.105158180167
0.066374312109 0.126367398197
0.0663791426975 0.156367397808
0.0875917768351 0.135153625089
0.108804410973 0.113939852371
0.108809241561 0.143939851982
0.0875943303234 0.122728356486
0.108806964461 0.101514583768
0.10881179505 0.131514583379
0.108816625638 0.16151458299
0.130029259776 0.140300810272
0.130034090364 0.170300809883
0.151246724502 0.149087037165
0.15125155509 0.179087036776
0.172468743184 0.200296254805
0.193685931277 0.221505472834
0.214898565415 0.200291700116
0.236111199552 0.179077927398
0.25732383369 0.157864154679
0.227323833863 0.157867375072
0.227328664451 0.187867374683
0.248541298589 0.166653601964
0.269753932727 0.145439829246
0.29097112082 0.166649047275
0.312183754958 0.145435274557
0.290973398165 0.166651324253
0.312190586258 0.187860542282
0.312188976062 0.157860542326
0.333406164155 0.179069760355
0.354623352249 0.200278978384
0.333412995456 0.22149502808
0.354625629593 0.200281255362
0.333410718355 0.179069759866
0.354627906449 0.200278977895
0.375845094542 0.221488195924
0.354634737749 0.24270424562
0.375847371887 0.221490472902
0.354637015094 0.242706522598
0.324637015267 0.242709742991
0.345849649404 0.221495970272
0.315849649577 0.221499190665
0.337062283715 0.200285417946
0.307062283888 0.200288638339
0.328274918025 0.17907486562
0.349492106119 0.200284083649
0.370709294212 0.221493301679
0.391926482306 0.242702519708
0.391931312894 0.272702519319
0.370720956101 0.293918569015
0.391933590239 0.272704796297
0.413150778332 0.293914014326
0.391940421539 0.315130064022
0.413153055677 0.293916291304
0.413157886265 0.323916290915
0.434370520403 0.302702518197
0.41316016361 0.323918567893
0.434372797747 0.302704795175
0.40437279792 0.302708015567
0.425585432058 0.281494242849
0.425583821862 0.251494242892
0.395583822034 0.251497463284
0.416801010128 0.272706681313
0.395590653335 0.293922731009
0.416803287472 0.272708958291
0.386803287645 0.272712178683
0.408015921783 0.251498405965
0.429233109876 0.272707623994
0.408022753083 0.29392367369
0.408021142887 0.263923673734
0.429238330981 0.285132891763
0.408027974187 0.306348941459
0.38681306295 0.285137445963
0.365598151712 0.263925950467
0.38681078585 0.242712177749
0.408027973943 0.263921395778
0.386813062705 0.242709900282
0.408025696843 0.221496127564
0.408030527431 0.251496127175
0.429247715525 0.272705345204
0.429252546113 0.302705344815
0.408037634875 0.281493849319
0.429250269013 0.260280076601
0.429248658817 0.230280076644
0.408033747579 0.209068581148
0.429250935673 0.230277799177
0.408036024435 0.209066303681
0.429253212528 0.230275521711
0.429258043117 0.260275521322
0.42925643292 0.230275521365
0.408041521683 0.209064025869
0.429258709776 0.230273243898
0.408043798538 0.209061748402
0.438043798538 0.209061748402
0.416833441745 0.230277798098
0.395623084952 0.251493847795
0.416840273046 0.272703065824
0.386840273218 0.272706286216
0.408052907356 0.251492513498
0.42927009545 0.272701731527
0.408059738656 0.293917781223
0.438059738656 0.293917781223
0.459272372794 0.272704008505
0.438062016001 0.293920058201
0.459274650139 0.272706285483
0.438064293346 0.293922335179
0.459276927483 0.272708562461
0.43806657069 0.293924612157
0.459279204828 0.272710839438
0.438068848035 0.293926889135
0.459286036128 0.315136107164
0.480498670266 0.293922334446
0.501715858359 0.315131552475
0.471715858532 0.315134772867
0.471720689121 0.345134772478
0.471719078924 0.315134772521
0.492931713062 0.293920999803
0.49293654365 0.323920999414
0.462936543823 0.323924219806
0.432936543996 0.323927440199
0.454149178134 0.30271366748
0.475366366227 0.32392288551
0.496583554321 0.345132103539
0.517796188458 0.32391833082
0.487796188631 0.323921551213
0.457796188804 0.323924771605
0.479008822942 0.302710998887
0.47901365353 0.332710998498
0.457803296737 0.353927048194
0.487803296737 0.353927048194
0.509015930875 0.332713275476
0.479015931048 0.332716495868
0.479020761636 0.362716495479
0.509020761636 0.362716495479
0.530237949729 0.383925713508
0.530242780318 0.413925713119
0.530247610906 0.44392571273
0.530252441495 0.473925712342
0.530257272083 0.503925711953
0.509042360845 0.482714216457
0.487827449608 0.461502720961
0.509044637701 0.48271193899
0.509043027505 0.452711939033
0.487828116267 0.431500443537
0.466617759474 0.452716493233
0.487834947567 0.473925711263
0.509052135661 0.495134929292
0.539052135661 0.495134929292
0.517841778868 0.516350978988
0.517846609456 0.546350978599
0.517851440045 0.57635097821
0.539064074182 0.555137205492
0.539068904771 0.585137205103
0.569068904771 0.585137205103
0.599068904771 0.585137205103
0.599073735359 0.615137204714
0.599078565948 0.645137204325
0.599076955752 0.615137204368
0.59908178634 0.645137203979
0.599080176144 0.615137204023
0.620292810281 0.593923431304
0.62029764087 0.623923430915
0.641510275008 0.602709658197
0.62029536377 0.581498162701
0.641507997907 0.560284389983
0.62029308667 0.539072894487
0.620297917258 0.569072894098
0.620302747847 0.599072893709
0.641515381984 0.577859120991
0.641520212573 0.607859120602
0.66273284671 0.586645347884
0.662737677299 0.616645347495
0.692737677299 0.616645347495
0.722737677299 0.616645347495
0.722742507887 0.646645347106
0.752742507887 0.646645347106
0.773959695981 0.667854565135
0.773964526569 0.697854564746
0.795181714662 0.719063782775
