0.100004830588 0.129999999611
0.130004830588 0.129999999611
0.130009661177 0.159999999222
0.160009661177 0.159999999222
0.18122684927 0.181209217251
0.202444037364 0.20241843528
0.223661225457 0.22362765331
0.244878413551 0.244836871339
0.266095601644 0.266046089368
0.287312789737 0.287255307397
0.317312789737 0.287255307397
0.347312789737 0.287255307397
0.326102432944 0.308471357093
0.356102432944 0.308471357093
0.386102432944 0.308471357093
0.356102433117 0.308474577486
0.377319621211 0.329683795515
0.398536809304 0.350893013544
0.377326452511 0.37210906324
0.398543640604 0.393318281269
0.368543640777 0.393321501661
0.33854364095 0.393324722054
0.338542030754 0.363324722097
0.368542030754 0.363324722097
0.347331673961 0.384540771793
0.326121317168 0.405756821489
0.347338505261 0.426966039518
0.377338505261 0.426966039518
0.37734333585 0.45696603913
0.377348166438 0.486966038741
0.407348166438 0.486966038741
0.386137809645 0.508182088437
0.386136199449 0.47818208848
0.407348833587 0.456968315762
0.437348833587 0.456968315762
0.437353664175 0.486968315373
0.467353664175 0.486968315373
0.467358494763 0.516968314984
0.497358494763 0.516968314984
0.527358494763 0.516968314984
0.548575682857 0.538177533013
0.578575682857 0.538177533013
0.578574072661 0.508177533056
0.578578903249 0.538177532667
0.557368546456 0.559393582363
0.587368546456 0.559393582363
0.617368546456 0.559393582363
0.617373377044 0.589393581975
0.596158465807 0.568182086479
0.596163296395 0.59818208609
0.626163296395 0.59818208609
0.647380484489 0.619391304119
0.626165573251 0.598179808623
0.647382761344 0.619389026652
0.668595395482 0.598175253934
0.689812583575 0.619384471963
0.711029771669 0.640593689992
0.689819414876 0.661809739688
0.711036602969 0.683018957717
0.732253791063 0.704228175747
0.753470979156 0.725437393776
