0.0787896432069 0.121216049696
0.108789643207 0.121216049696
0.138789643207 0.121216049696
0.168789643207 0.121216049696
0.168794473795 0.151216049307
0.190011661889 0.172425267336
0.211224296026 0.151211494618
0.23244148412 0.172420712647
0.253658672213 0.193629930676
0.274871306351 0.172416157958
0.304871306351 0.172416157958
0.326083940489 0.15120238524
0.326082330292 0.121202385283
0.304871973499 0.142418434979
0.283661616706 0.163634484675
0.3048788048 0.184843702705
0.326095992893 0.206052920734
0.304881081655 0.184841425238
0.283670724862 0.206057474934
0.304887912956 0.227266692963
0.283677556163 0.248482742659
0.313677556163 0.248482742659
0.283677556335 0.248485963052
0.253677556508 0.248489183444
0.283677556508 0.248489183444
0.313677556508 0.248489183444
0.334890190646 0.227275410726
0.334895021234 0.257275410337
0.356107655372 0.236061637618
0.326107655545 0.236064858011
0.326112486133 0.266064857622
0.356112486133 0.266064857622
0.377325120271 0.244851084904
0.377329950859 0.274851084515
0.377334781448 0.304851084126
0.347334781621 0.304854304518
0.347333171425 0.274854304561
0.326122814631 0.296070354257
0.356122814631 0.296070354257
0.386122814631 0.296070354257
0.364912457838 0.317286403954
0.394912457838 0.317286403954
0.373702101045 0.33850245365
0.403702101045 0.33850245365
0.382491744252 0.359718503346
0.412491744252 0.359718503346
0.391281387459 0.380934553042
0.421281387459 0.380934553042
0.400071030666 0.402150602738
0.421288218759 0.423359820767
0.442505406853 0.444569038797
0.42129505006 0.465785088493
0.45129505006 0.465785088493
0.430084693267 0.487001138189
0.460084693267 0.487001138189
0.490084693267 0.487001138189
0.51130188136 0.508210356218
0.54130188136 0.508210356218
0.562519069454 0.529419574247
0.541308712661 0.550635623943
0.571308712661 0.550635623943
0.592525900754 0.571844841972
0.562525900927 0.571848062365
0.592525900927 0.571848062365
0.61374308902 0.593057280394
0.592532732227 0.61427333009
0.622532732227 0.61427333009
0.643749920321 0.635482548119
0.664967108414 0.656691766148
0.686184296507 0.677900984177
0.707401484601 0.699110202207
0.728618672694 0.720319420236
0.728623503283 0.750319419847
