0.121217188093 0.121209218029
0.1000068313 0.142425267725
0.1300068313 0.142425267725
0.151224019394 0.163634485754
0.172441207487 0.184843703784
0.193658395581 0.206052921813
0.214875583674 0.227262139842
0.236092771768 0.248471357871
0.236097602356 0.278471357482
0.266097602356 0.278471357482
0.244882691118 0.257259861986
0.274882691118 0.257259861986
0.304882691118 0.257259861986
0.334882691118 0.257259861986
0.364882691118 0.257259861986
0.364887521707 0.287259861597
0.3861047098 0.308469079626
0.4161047098 0.308469079626
0.416109540388 0.338469079238
0.394899183595 0.359685128934
0.416116371689 0.380894346963
0.394901460451 0.359682851467
0.416118648544 0.380892069496
0.437335836638 0.402101287525
0.458553024731 0.423310505554
0.479770212825 0.444519723584
0.479775043413 0.474519723195
0.479773433217 0.444519723238
0.509773433217 0.444519723238
0.530990621311 0.465728941267
0.560990621311 0.465728941267
0.590990621311 0.465728941267
0.620990621311 0.465728941267
0.590990621483 0.465732161659
0.590989011287 0.435732161702
0.56098901146 0.435735382095
0.560993842048 0.465735381706
0.560992231852 0.435735381749
0.539781875059 0.456951431445
0.518571518266 0.478167481141
0.497356607028 0.456955985645
0.476146250235 0.478172035342
0.506146250235 0.478172035342
0.527358884373 0.456958262623
0.548576072466 0.478167480653
0.578576072466 0.478167480653
0.608576072466 0.478167480653
0.638576072466 0.478167480653
0.668576072466 0.478167480653
0.689788706604 0.456953707934
0.668573795366 0.435742212438
0.647358884128 0.414530716942
0.617358884301 0.414533937335
0.587358884474 0.414537157727
0.557358884647 0.414540378119
0.52735888482 0.414543598512
0.527363715408 0.444543598123
0.506148804171 0.423332102627
0.484938447377 0.444548152323
0.463728090584 0.465764202019
0.484945278678 0.486973420048
0.514945278678 0.486973420048
0.544945278678 0.486973420048
0.574945278678 0.486973420048
0.553734921885 0.508189469744
0.553739752473 0.538189469356
0.53252939568 0.559405519052
0.56252939568 0.559405519052
0.59252939568 0.559405519052
0.62252939568 0.559405519052
0.643746583774 0.580614737081
0.673746583774 0.580614737081
0.652531672536 0.559403241585
0.631321315743 0.580619291281
0.661321315743 0.580619291281
0.64011095895 0.601835340977
0.661328147043 0.623044559006
0.661332977631 0.653044558617
0.682550165725 0.674253776647
0.682554996313 0.704253776258
0.703772184407 0.725462994287
0.7249893725 0.746672212316
