0.13 0.1
0.130004830588 0.129999999611
0.108794473795 0.151216049307
0.138794473795 0.151216049307
0.160007107933 0.130002276589
0.181219742071 0.108788503871
0.202432376208 0.0875747311525
0.202437206797 0.117574730764
0.223649840934 0.0963609580453
0.223654671523 0.126360957656
0.244871859616 0.147570175686
0.266084493754 0.126356402967
0.244869582516 0.105144907471
0.26608677061 0.1263541255
0.287303958703 0.14756334353
0.308521146796 0.168772561559
0.329733780934 0.147558788841
0.350950969028 0.16876800687
0.350955799616 0.198768006481
0.329740888378 0.177556510985
0.30852597714 0.156345015489
0.329743165234 0.177554233518
0.350955799371 0.1563404608
0.35096062996 0.186340460411
0.329745718722 0.165128964915
0.350962906816 0.186338182944
0.350967737404 0.216338182555
0.320967737577 0.216341402947
0.299757380784 0.237557452644
0.278542469546 0.216345957148
0.278547300134 0.246345956759
0.257336943341 0.267562006455
0.236126586548 0.288778056151
0.266126586548 0.288778056151
0.244916229755 0.309994105847
0.274916229755 0.309994105847
0.274914619559 0.279994105891
0.304914619559 0.279994105891
0.334914619559 0.279994105891
0.364914619559 0.279994105891
0.394914619559 0.279994105891
0.424914619559 0.279994105891
0.454914619559 0.279994105891
0.424914619732 0.279997326283
0.394914619905 0.280000546675
0.373704263112 0.301216596371
0.403704263112 0.301216596371
0.382493906319 0.322432646067
0.412493906319 0.322432646067
0.391278995081 0.301221150572
0.412491629218 0.280007377853
0.391281272425 0.301223427549
0.370066361188 0.280011932054
0.348856004395 0.30122798175
0.327645647601 0.322444031446
0.348858281739 0.301230258728
0.318858281912 0.30123347912
0.318856671716 0.271233479163
0.297641760478 0.250021983667
0.297640150282 0.22002198371
0.276425239044 0.198810488214
0.276423628848 0.168810488258
0.297636262986 0.147596715539
0.318853451079 0.168805933569
0.340070639172 0.190015151598
0.36128327331 0.168801378879
0.361288103899 0.198801378491
0.361292934487 0.228801378102
0.38251012258 0.250010596131
0.403727310674 0.27121981416
0.382512399436 0.250008318664
0.403729587529 0.271217536693
0.424946775623 0.292426754722
0.446163963716 0.313635972751
0.46738115181 0.334845190781
0.488598339903 0.35605440881
0.509815527997 0.377263626839
0.509820358585 0.40726362645
0.531037546679 0.428472844479
0.531042377267 0.45847284409
0.531047207855 0.488472843701
0.531052038444 0.518472843312
0.531056869032 0.548472842923
0.531061699621 0.578472842535
0.552278887714 0.599682060564
0.573496075808 0.620891278593
0.594708709945 0.599677505875
0.594713540534 0.629677505486
0.594718371122 0.659677505097
0.61593100526 0.638463732378
0.615935835848 0.66846373199
0.615940666437 0.698463731601
0.645940666437 0.698463731601
0.675940666437 0.698463731601
0.69715785453 0.71967294963
0.718375042623 0.740882167659
0.688375042796 0.740885388051
0.709587676934 0.719671615333
0.688377320141 0.740887665029
0.709589954279 0.719673892311
0.730807142372 0.74088311034
