0.121217188093 0.121209218029
0.142434376187 0.142418436058
0.142432765991 0.112418436102
0.163649954084 0.133627654131
0.193649954084 0.133627654131
0.172435042846 0.112416158635
0.172439873435 0.142416158246
0.151224962197 0.12120466275
0.151229792785 0.151204662361
0.130014881548 0.129993166865
0.100014881721 0.129996387257
0.0700148818934 0.12999960765
0.100014881893 0.12999960765
0.130014881893 0.12999960765
0.108799970656 0.108788112154
0.0875850594179 0.0875766166578
0.108802247511 0.108785834687
0.0788022476841 0.108789055079
0.100019435778 0.129998273108
0.0700194359504 0.130001493501
0.0700242665389 0.160001493112
0.0912369006765 0.138787720394
0.121236900677 0.138787720394
0.0912369008494 0.138790940786
0.121236900849 0.138790940786
0.151236900849 0.138790940786
0.181236900849 0.138790940786
0.202449534987 0.117577168068
0.22366672308 0.138786386097
0.25366672308 0.138786386097
0.232451811843 0.117574890601
0.253668999936 0.13878410863
0.27488618803 0.159993326659
0.296103376123 0.181202544688
0.296101765927 0.151202544731
0.317314400064 0.129988772013
0.347314400064 0.129988772013
0.347319230653 0.159988771624
0.347324061241 0.189988771235
0.377324061241 0.189988771235
0.347324061414 0.189991991628
0.368541249508 0.211201209657
0.398541249508 0.211201209657
0.419758437601 0.232410427686
0.440975625694 0.253619645715
0.440980456283 0.283619645326
0.419765545045 0.26240814983
0.440978179183 0.241194377112
0.440983009771 0.271194376723
0.462200197865 0.292403594752
0.432200198038 0.292406815145
0.453412832175 0.271193042426
0.453417662764 0.301193042037
0.453422493352 0.331193041648
0.453420883156 0.301193041692
0.453425713744 0.331193041303
0.474642901838 0.352402259332
0.474647732426 0.382402258943
0.474652563015 0.412402258554
0.474657393603 0.442402258165
0.474662224192 0.472402257776
0.47466705478 0.502402257387
0.453456697987 0.523618307084
0.47467388608 0.544827525113
0.444673886253 0.544830745505
0.465891074347 0.566039963534
0.46588946415 0.536039963577
0.465894294739 0.566039963188
0.444679383501 0.544828467693
0.474679383501 0.544828467693
0.474677773305 0.514828467736
0.474682603893 0.544828467347
0.495899791987 0.566037685376
0.495904622575 0.596037684987
0.517121810669 0.617246903016
0.547121810669 0.617246903016
0.568338998762 0.638456121045
0.547124087524 0.617244625549
0.525909176287 0.596033130054
0.54712636438 0.617242348083
0.568343552473 0.638451566112
0.598343552473 0.638451566112
0.598341942277 0.608451566155
0.598340332081 0.578451566198
0.59834516267 0.608451565809
0.598349993258 0.63845156542
0.577139636465 0.659667615117
0.555929279672 0.680883664813
0.577141913809 0.659669892094
0.598359101903 0.680879110124
0.628359101903 0.680879110124
0.658359101903 0.680879110124
0.688359101903 0.680879110124
0.709576289996 0.702088328153
0.730788924134 0.680874555434
0.709578567341 0.702090605131
0.739578567341 0.702090605131
0.739583397929 0.732090604742
