0.13 0.1
0.16 0.1
0.19 0.1
0.211212634138 0.0787862272817
0.232429822231 0.0999954453109
0.253647010325 0.12120466334
0.253651840913 0.151204662951
0.274869029006 0.17241388098
0.2960862171 0.193623099009
0.317303405193 0.214832317039
0.338520593287 0.236041535068
0.35973778138 0.257250753097
0.380954969474 0.278459971126
0.35974461268 0.299676020822
0.380961800774 0.320885238851
0.402178988867 0.34209445688
0.423396176961 0.36330367491
0.444613365054 0.384512892939
0.465830553148 0.405722110968
0.487047741241 0.426931328997
0.487052571829 0.456931328608
0.487057402418 0.486931328219
0.487062233006 0.51693132783
0.487067063595 0.546931327441
0.487071894183 0.576931327052
0.508289082277 0.598140545082
0.508293912865 0.628140544693
0.529511100959 0.649349762722
0.550723735096 0.628135990004
0.57194092319 0.649345208033
0.60194092319 0.649345208033
0.601945753778 0.679345207644
0.631945753778 0.679345207644
0.653158387916 0.658131434926
0.653163218504 0.688131434537
0.653168049093 0.718131434148
0.683168049093 0.718131434148
0.704385237186 0.739340652177
0.70438362699 0.70934065222
0.725600815083 0.730549870249
0.746818003177 0.751759088278
