0.100004830588 0.129999999611
0.0787899193507 0.108788504115
0.108789919351 0.108788504115
0.138789919351 0.108788504115
0.160007107444 0.129997722144
0.130007107617 0.130000942537
0.160007107617 0.130000942537
0.160011938205 0.160000942148
0.138801581412 0.181216991844
0.117591224619 0.20243304154
0.138803858757 0.181219268822
0.168803858757 0.181219268822
0.198803858757 0.181219268822
0.16880385893 0.181222489214
0.19880385893 0.181222489214
0.22880385893 0.181222489214
0.207593502137 0.20243853891
0.22881069023 0.223647756939
0.25881069023 0.223647756939
0.28881069023 0.223647756939
0.288809080034 0.193647756983
0.318809080034 0.193647756983
0.297594168796 0.172436261487
0.327594168796 0.172436261487
0.357594168796 0.172436261487
0.378806802934 0.151222488768
0.348806803107 0.151225709161
0.378806803107 0.151225709161
0.408806803107 0.151225709161
0.387596446314 0.172441758857
0.417596446314 0.172441758857
0.387596446486 0.172444979249
0.408809080624 0.151231206531
0.438809080624 0.151231206531
0.468809080624 0.151231206531
0.498809080624 0.151231206531
0.528809080624 0.151231206531
0.528807470428 0.121231206574
0.558807470428 0.121231206574
0.588807470428 0.121231206574
0.618807470428 0.121231206574
0.648807470428 0.121231206574
0.678807470428 0.121231206574
0.708807470428 0.121231206574
0.687597113635 0.14244725627
0.687601944223 0.172447255881
0.717601944223 0.172447255881
0.696387032985 0.151235760385
0.666387033158 0.151238980778
0.696387033158 0.151238980778
0.726387033158 0.151238980778
0.756387033158 0.151238980778
0.786387033158 0.151238980778
0.816387033158 0.151238980778
0.795172121921 0.130027485282
0.773957210683 0.108815989786
0.803957210683 0.108815989786
0.833957210683 0.108815989786
0.863957210683 0.108815989786
0.842742299445 0.08760449429
0.812742299618 0.0876077146823
0.812747130206 0.117607714293
0.842747130206 0.117607714293
0.872747130206 0.117607714293
0.902747130206 0.117607714293
0.932747130206 0.117607714293
0.953959764344 0.0963939415751
0.975176952437 0.117603159604
0.975175342241 0.0876031596475
0.975175342241 0.0876031596475
0.996392530335 0.108812377677
0.975182173542 0.130028427373
0.975180563345 0.100028427416
0.953970206552 0.121244477112
0.932759849759 0.142460526808
0.911549492966 0.163676576504
0.890339136173 0.184892626201
0.86912877938 0.206108675897
0.839128779553 0.206111896289
0.81791842276 0.227327945985
0.796708065967 0.248543995681
0.796706455771 0.218543995725
0.796704845574 0.188543995768
0.796703235378 0.158543995811
0.766703235551 0.158547216203
0.787920423644 0.179756434233
0.787925254233 0.209756433844
0.809137888371 0.188542661125
0.787927531577 0.209758710821
0.817927531577 0.209758710821
0.847927531577 0.209758710821
0.869144719671 0.230967928851
0.899144719671 0.230967928851
0.899149550259 0.260967928462
0.899154380848 0.290967928073
0.920367014985 0.269754155355
0.890367015158 0.269757375747
0.890371845747 0.299757375358
0.920371845747 0.299757375358
0.899156934509 0.278545879862
0.869156934682 0.278549100254
0.899156934682 0.278549100254
0.89916176527 0.308549099865
0.92916176527 0.308549099865
0.899161765443 0.308552320258
0.869161765616 0.30855554065
0.847951408823 0.329771590346
0.877951408823 0.329771590346
0.907951408823 0.329771590346
0.937951408823 0.329771590346
0.967951408823 0.329771590346
0.937951408996 0.329774810738
0.959168597089 0.350984028768
0.929168597262 0.35098724916
0.899168597435 0.350990469552
0.899166987239 0.320990469595
0.899171817827 0.350990469207
0.929171817827 0.350990469207
0.907961461034 0.372206518903
0.929174095172 0.350992746184
0.899174095345 0.350995966577
0.929174095345 0.350995966577
0.899174095517 0.350999186969
0.920386729655 0.329785414251
0.941603917748 0.35099463228
0.971603917748 0.35099463228
0.971603917748 0.35099463228
0.941603917921 0.350997852672
0.920393561128 0.372213902368
0.950393561128 0.372213902368
0.971610749222 0.393423120398
0.941610749395 0.39342634079
0.920395838157 0.372214845294
0.899180926919 0.351003349798
0.877966015681 0.329791854302
0.877964405485 0.299791854345
0.877962795289 0.269791854388
0.856747884051 0.248580358893
0.856746273855 0.218580358936
0.877958907993 0.197366586218
0.877963738581 0.227366585829
0.856753381788 0.248582635525
0.856751771592 0.218582635568
0.856750161396 0.188582635611
0.835539804603 0.209798685307
0.835538194406 0.179798685351
0.865538194406 0.179798685351
0.8867553825 0.20100790338
0.865545025707 0.222223953076
0.865543415511 0.192223953119
0.844333058718 0.213440002815
0.844331448521 0.183440002858
0.823121091728 0.204656052555
0.844338279822 0.225865270584
0.844336669626 0.195865270627
0.823126312832 0.217081320323
0.853126312832 0.217081320323
0.831915956039 0.238297370019
0.853133144133 0.259506588048
0.831918232895 0.238295092553
0.853135420989 0.259504310582
0.831925064195 0.280720360278
0.853137698333 0.25950658756
0.831922787095 0.238295092064
0.801922787268 0.238298312456
0.823135421406 0.217084539738
0.844352609499 0.238293757767
0.844357440088 0.268293757378
0.844355829892 0.238293757421
0.823145473098 0.259509807117
0.801930561861 0.238298311621
0.801935392449 0.268298311232
0.823148026587 0.247084538514
0.801937669794 0.26830058821
0.780727313001 0.289516637907
0.759516956207 0.310732687603
0.73830204497 0.289521192107
0.708302045143 0.289524412499
0.72951467928 0.268310639781
0.750727313418 0.247096867063
0.771939947556 0.225883094344
0.793152581693 0.204669321626
0.814369769787 0.225878539655
0.793159412994 0.247094589351
0.7719490562 0.268310639047
0.793161690338 0.247096866329
0.771951333545 0.268312916025
0.801951333545 0.268312916025
0.801956164133 0.298312915636
0.831956164133 0.298312915636
0.810741252896 0.277101420141
0.789526341658 0.255889924645
0.759526341831 0.255893145037
0.780743529924 0.277102363066
0.759533173131 0.298318412762
0.75953800372 0.328318412373
0.759536393523 0.298318412417
0.73832603673 0.319534462113
0.717115679937 0.340750511809
0.695905323144 0.361966561505
0.695910153733 0.391966561116
0.674695242495 0.37075506562
0.695912430588 0.391964283649
0.67469751935 0.370752788153
0.653487162557 0.39196883785
0.63227225132 0.370757342354
0.653484885457 0.349543569635
0.62348488563 0.349546790028
0.602274528837 0.370762839724
0.62349171693 0.391972057753
0.623490106734 0.361972057796
0.602279749941 0.383188107492
0.602278139745 0.353188107536
0.623495327838 0.374397325565
0.623500158427 0.404397325176
0.623498548231 0.374397325219
0.623503378819 0.40439732483
0.623501768623 0.374397324873
0.623506599211 0.404397324484
0.593506599384 0.404400544877
0.563506599557 0.404403765269
0.584723787651 0.425612983298
0.584722177454 0.395612983341
0.605939365548 0.416822201371
0.58472445431 0.395610705875
0.584729284899 0.425610705486
0.554729285071 0.425613925878
0.533514373834 0.404402430382
0.554727007971 0.383188657664
0.575944196065 0.404397875693
0.597161384158 0.425607093722
0.567161384331 0.425610314114
0.588374018469 0.404396541396
0.609591206562 0.425605759425
0.6308038407 0.404391986707
0.609593483907 0.425608036403
0.60959187371 0.395608036446
0.609590263514 0.36560803649
0.630807451608 0.386817254519
0.652024639701 0.408026472548
0.652023029505 0.378026472591
0.630812672712 0.399242522287
0.609602315919 0.420458571983
0.609600705723 0.390458572027
0.609605536311 0.420458571638
0.609603926115 0.390458571681
0.630821114208 0.41166778971
0.600821114381 0.411671010102
0.622038302475 0.432880228132
0.622043133063 0.462880227743
0.643260321157 0.484089445772
0.673260321157 0.484089445772
0.703260321157 0.484089445772
0.682049964363 0.505305495468
0.660835053126 0.484093999972
0.682052241219 0.505303218001
0.660841884426 0.526519267697
0.690841884426 0.526519267697
0.712054518564 0.505305494979
0.690839607326 0.484093999483
0.669624696088 0.462882503987
0.64840978485 0.441671008491
0.648414615439 0.471671008102
0.678414615439 0.471671008102
0.657199704201 0.450459512606
0.657198094005 0.42045951265
0.635987737212 0.441675562346
0.605987737385 0.441678782738
0.605992567973 0.471678782349
0.635992567973 0.471678782349
0.614777656735 0.450467286853
0.593562745498 0.429255791357
0.623562745498 0.429255791357
0.623561135301 0.399255791401
0.602350778508 0.420471841097
0.602349168312 0.39047184114
0.572349168485 0.390475061532
0.602349168485 0.390475061532
0.623566356578 0.411684279561
0.653566356578 0.411684279561
0.653564746382 0.381684279605
0.632354389589 0.402900329301
0.632352779393 0.372900329344
0.632357609982 0.402900328955
0.632355999785 0.372900328998
0.653568633923 0.35168655628
0.674785822016 0.372895774309
0.704785822016 0.372895774309
0.725998456154 0.351682001591
0.747211090292 0.330468228873
0.768423724429 0.309254456154
0.789636358567 0.288040683436
0.789634748371 0.258040683479
0.768424391578 0.279256733176
0.747214034785 0.300472782872
0.768426668922 0.279259010153
0.747216312129 0.30047505985
0.726005955336 0.321691109546
0.704795598543 0.342907159242
0.674795598716 0.342910379634
0.696008232854 0.321696606916
0.717220866991 0.300482834198
0.747220866991 0.300482834198
0.726010510198 0.321698883894
0.704800153405 0.34291493359
0.726012787543 0.321701160872
0.74722542168 0.300487388153
0.717225421853 0.300490608546
0.717230252442 0.330490608157
0.696019895649 0.351706657853
0.717232529786 0.330492885135
0.71723091959 0.300492885178
0.738443553728 0.27927911246
0.717233196935 0.300495162156
0.738445831072 0.279281389438
0.738444220876 0.249281389481
0.759656855014 0.228067616763
0.780869489151 0.206853844044
0.802086677245 0.228063062073
0.780876320452 0.24927911177
0.802093508545 0.270488329799
0.772093508718 0.270491550191
0.772098339306 0.300491549802
0.750887982513 0.321707599498
0.72967762572 0.342923649194
0.729682456309 0.372923648806
0.708467545071 0.35171215331
0.708472375659 0.381712152921
0.687257464422 0.360500657425
0.666047107629 0.381716707121
0.636047107801 0.381719927513
0.606047107974 0.381723147906
0.576047108147 0.381726368298
0.576045497951 0.351726368341
0.554830586713 0.330514872845
0.576047774807 0.351724090874
0.5972649629 0.372933308903
0.567264963073 0.372936529296
0.54605460628 0.394152578992
0.524839695042 0.372941083496
0.503624783804 0.351729588
0.482409872567 0.330518092504
0.452409872739 0.330521312896
0.452408262543 0.30052131294
0.431193351305 0.279309817444
0.452410539399 0.300519035473
0.473623173537 0.279305262755
0.443623173709 0.279308483147
0.443628004298 0.309308482758
0.443632834886 0.339308482369
0.443637665475 0.36930848198
0.413637665648 0.369311702372
0.413642496236 0.399311701984
0.392432139443 0.42052775168
0.392436970031 0.450527751291
0.371226613238 0.471743800987
0.392439247376 0.450530028269
0.362439247549 0.450533248661
0.383651881686 0.429319475943
0.353651881859 0.429322696335
0.323651882032 0.429325916727
0.293651882205 0.42932913712
0.314869070298 0.450538355149
0.314873900887 0.48053835476
0.293663544094 0.501754404456
0.323663544094 0.501754404456
0.344880732187 0.522963622485
0.31488073236 0.522966842877
0.293670375567 0.544182892574
0.293668765371 0.514182892617
0.323668765371 0.514182892617
0.344885953464 0.535392110646
0.374885953464 0.535392110646
0.353675596671 0.556608160342
0.35368042726 0.586608159953
0.332470070466 0.607824209649
0.362470070466 0.607824209649
0.332470070639 0.607827430042
0.362470070639 0.607827430042
0.392470070639 0.607827430042
0.371259713846 0.629043479738
0.37125810365 0.599043479781
0.350047746857 0.620259529477
0.380047746857 0.620259529477
0.380052577445 0.650259529088
0.380057408034 0.680259528699
0.350057408207 0.680262749092
0.380057408207 0.680262749092
0.35005740838 0.680265969484
0.320057408552 0.680269189876
0.290057408725 0.680272410269
0.260057408898 0.680275630661
0.238847052105 0.701491680357
0.268847052105 0.701491680357
0.238847052278 0.701494900749
0.208847052451 0.701498121142
0.238847052451 0.701498121142
0.217636695658 0.722714170838
0.217641526246 0.752714170449
0.196426615008 0.731502674953
0.217639249146 0.710288902235
0.21763763895 0.680288902278
0.24763763895 0.680288902278
0.27763763895 0.680288902278
0.247637639123 0.68029212267
0.247642469711 0.710292122281
0.226432112918 0.731508171978
0.196432113091 0.73151139237
0.217644747228 0.710297619652
0.196434390435 0.731513669348
0.175224033642 0.752729719044
0.205224033642 0.752729719044
0.175224033815 0.752732939436
0.154009122577 0.73152144394
0.132798765784 0.752737493636
0.111588408991 0.773953543333
0.0815884091641 0.773956763725
0.111588409164 0.773956763725
0.0815884093369 0.773959984117
0.10280559743 0.795169202146
0.0815906861926 0.77395770665
0.0515906863654 0.773960927043
0.0815906863654 0.773960927043
0.0815955169539 0.803960926654
0.0515955171267 0.803964147046
0.0815955171267 0.803964147046
0.10281270522 0.825173365075
0.13281270522 0.825173365075
0.102812705393 0.825176585468
0.102817535981 0.855176585079
0.0816026247437 0.833965089583
0.111602624744 0.833965089583
0.0903877135059 0.812753594087
0.0603877136787 0.812756814479
0.0903877136787 0.812756814479
0.0603877138516 0.812760034871
0.081604901945 0.833969252901
0.111604901945 0.833969252901
0.0816049021179 0.833972473293
0.102822090211 0.855181691322
0.124039278305 0.876390909351
0.154039278305 0.876390909351
0.124039278478 0.876394129743
0.154039278478 0.876394129743
0.12403927865 0.876397350136
0.15403927865 0.876397350136
0.124039278823 0.876400570528
0.0940392789961 0.87640379092
0.072828922203 0.897619840617
0.0728337527915 0.927619840228
0.0428337529643 0.92762306062
0.0640509410578 0.948832278649
0.0852681291512 0.970041496678
0.106485317245 0.991250714707
0.106485317245 0.991250714707
0.106485317245 0.991250714707
0.0852704060069 0.970039219211
0.0552704061797 0.970042439604
0.0340600493866 0.9912584893
0.0340584391905 0.961258489343
0.0640584391905 0.961258489343
0.0852710733281 0.940044716625
0.106483707466 0.918830943907
0.0852733506727 0.940046993603
0.0852717404765 0.910046993646
0.085276571065 0.940046993257
0.0640616598272 0.918835497761
0.0852742939648 0.897621725043
0.106486928102 0.876407952325
0.12769956224 0.855194179606
0.127697952044 0.82519417965
0.127696341848 0.795194179693
0.10648143061 0.773982684197
0.127694064748 0.752768911479
0.127692454552 0.722768911522
0.127690844355 0.692768911565
0.106475933118 0.671557416069
0.106480763706 0.70155741568
0.085270406913 0.722773465376
0.106483041051 0.701559692658
0.0852681298129 0.680348197162
0.0852665196167 0.650348197205
0.0640516083789 0.629136701709
0.0428412515859 0.650352751406
0.0428396413897 0.620352751449
0.0216247301519 0.599141255953
0.000409818914155 0.577929760457
0.000409818914155 0.577929760457
0.000409818914155 0.577929760457
0.0216270070076 0.599138978486
0.0216253968114 0.569138978529
0.0216253968114 0.569138978529
0.00041504001835 0.590355028225
0.0304150400184 0.590355028225
0.0604150400184 0.590355028225
0.0904150400184 0.590355028225
0.111627674156 0.569141255507
0.141627674156 0.569141255507
0.171627674156 0.569141255507
0.201627674156 0.569141255507
0.231627674156 0.569141255507
0.210412762918 0.547929760011
0.231629951012 0.56913897804
0.252847139105 0.59034819607
0.274064327199 0.611557414099
0.274062717002 0.581557414142
0.304062717002 0.581557414142
0.334062717002 0.581557414142
0.334061106806 0.551557414185
0.312846195568 0.530345918689
0.291631284331 0.509134423193
0.270420927538 0.530350472889
0.270419317341 0.500350472933
0.270417707145 0.470350472976
0.249202795908 0.44913897748
0.22798788467 0.427927481984
0.249200518807 0.406713709266
0.227990162014 0.427929758962
0.257990162014 0.427929758962
0.227990162187 0.427932979354
0.249202796325 0.406719206636
0.279202796325 0.406719206636
0.257987885087 0.38550771114
0.236772973849 0.364296215644
0.206772974022 0.364299436036
0.206777804611 0.394299435648
0.227990438748 0.373085662929
0.249207626842 0.394294880958
0.227992715604 0.373083385463
0.249209903697 0.394292603492
0.22799499246 0.373081107996
0.227993382263 0.343081108039
0.227998212852 0.37308110765
0.249210846989 0.351867334932
0.270428035083 0.373076552961
0.24921767829 0.394292602657
0.228002767052 0.373081107161
0.258002767052 0.373081107161
0.25800759764 0.403081106772
0.236792686403 0.381869611276
0.236791076207 0.35186961132
0.236795906795 0.381869610931
0.215585550002 0.403085660627
0.215583939806 0.37308566067
0.215588770394 0.403085660281
0.236801404532 0.381871887563
0.23680623512 0.411871887174
0.258023423214 0.433081105203
0.279240611307 0.454290323232
0.24924061148 0.454293543625
0.228025700242 0.433082048129
0.228024090046 0.403082048172
0.249236724184 0.381868275454
0.279236724184 0.381868275454
0.258026367391 0.40308432515
0.258024757194 0.373084325193
0.258029587783 0.403084324804
0.258027977587 0.373084324847
0.258032808175 0.403084324458
0.258031197979 0.373084324502
0.258036028567 0.403084324113
0.22803602874 0.403087544505
0.249248662878 0.381873771787
0.249253493466 0.411873771398
0.24925188327 0.381873771441
0.249250273074 0.351873771484
0.249255103663 0.381873771095
0.249259934251 0.411873770706
0.249258324055 0.38187377075
0.249263154643 0.411873770361
0.249261544447 0.381873770404
0.249266375036 0.411873770015
0.219266375208 0.411876990407
0.240479009346 0.390663217689
0.240483839934 0.4206632173
0.240482229738 0.390663217343
0.270482229738 0.390663217343
0.249271872945 0.411879267039
0.228056961707 0.390667771544
0.228061792296 0.420667771155
0.249274426434 0.399453998436
0.270487060571 0.378240225718
0.291699694709 0.357026453
0.291698084513 0.327026453043
0.321698084513 0.327026453043
0.321702915101 0.357026452654
0.342920103195 0.378235670683
0.342918492998 0.348235670726
0.364135681092 0.369444888756
0.385352869185 0.390654106785
0.385351258989 0.360654106828
0.364136347751 0.339442611332
0.342921436514 0.318231115836
0.312921436686 0.318234336228
0.291711079893 0.339450385925
0.261711080066 0.339453606317
0.231711080239 0.339456826709
0.201711080412 0.339460047102
0.201709470216 0.309460047145
0.201714300804 0.339460046756
0.201712690608 0.309460046799
0.222925324746 0.288246274081
0.22292371455 0.258246274124
0.222928545138 0.288246273735
0.222933375726 0.318246273346
0.222938206315 0.348246272957
0.222943036903 0.378246272568
0.222941426707 0.348246272612
0.222939816511 0.318246272655
0.222944647099 0.348246272266
0.192944647272 0.348249492658
0.171729736034 0.327037997162
0.171728125838 0.297037997205
0.141728126011 0.297041217598
0.162945314105 0.318250435627
0.184157948242 0.297036662909
0.184162778831 0.32703666252
0.205375412968 0.305822889801
0.205380243557 0.335822889413
0.184165332319 0.314611393917
0.184163722123 0.28461139396
0.162948810885 0.263399898464
0.162953641474 0.293399898075
0.162958472062 0.323399897686
0.141743560824 0.30218840219
0.120528649586 0.280976906694
0.14174583768 0.302186124723
0.141744227484 0.272186124767
0.141742617288 0.24218612481
0.12052770605 0.220974629314
0.120526095854 0.190974629357
0.120524485657 0.1609746294
0.120522875461 0.130974629444
0.120521265265 0.100974629487
0.120519655069 0.07097462953
0.141732289207 0.0497608568117
0.141730679011 0.0197608568549
0.162947867104 0.040970074884
0.132947867277 0.0409732952763
0.154160501414 0.0197595225581
0.154160501414 0.0197595225581
0.175377689508 0.0409687405872
0.196590323646 0.019754967869
0.175379966852 0.0409710175651
0.154169610059 0.0621870672613
0.132959253266 0.0834031169574
0.132964083855 0.113403116569
0.111753727062 0.134619166265
0.0905433702685 0.155835215961
0.0693330134755 0.177051265657
0.0481226566824 0.198267315353
0.0481274872708 0.228267314964
0.0481323178592 0.258267314575
0.0781323178592 0.258267314575
0.0781371484477 0.288267314186
0.0993497825853 0.267053541468
0.0781394257922 0.288269591164
0.0569290689992 0.309485640861
0.0781417031368 0.288271868142
0.108141703137 0.288271868142
0.0869313463437 0.309487917838
0.108143980481 0.28827414512
0.138143980481 0.28827414512
0.159356614619 0.267060372402
0.138141703381 0.245848876906
0.108141703554 0.245852097298
0.0869267923163 0.224640601802
0.0569267924892 0.224643822195
0.056925182293 0.194643822238
0.086925182293 0.194643822238
0.116925182293 0.194643822238
0.138137816431 0.17343004952
0.116922905193 0.152218554024
0.0957125483998 0.17343460372
0.0745021916067 0.194650653416
0.0532918348136 0.215866703112
0.0320814780206 0.237082752808
0.0320798678244 0.207082752852
0.0532925019621 0.185868980133
0.0532973325505 0.215868979744
0.0745145206439 0.237078197773
0.104514520644 0.237078197773
0.134514520644 0.237078197773
0.164514520644 0.237078197773
0.185731708737 0.258287415803
0.164521351944 0.279503465499
0.143310995151 0.300719515195
0.122096083913 0.279508019699
0.143313272007 0.300717237728
0.122098360769 0.279505742232
0.0920983609419 0.279508962625
0.0620983611148 0.279512183017
0.0320983612876 0.279515403409
0.00209836146047 0.279518623801
0.00209836146047 0.279518623801
0.00209836146047 0.279518623801
0.00210319204891 0.309518623413
0.0233158261866 0.288304850694
0.00210546939347 0.30952090039
0.00210546939347 0.30952090039
0.00210385919732 0.279520900434
0.00210224900117 0.249520900477
0.00210707958961 0.279520900088
0.00210546939345 0.249520900131
0.00210546939345 0.249520900131
0.0321054693935 0.249520900131
0.0321038591973 0.219520900174
0.0533164933349 0.198307127456
0.0745291274726 0.177093354738
0.104529127473 0.177093354738
0.134529127473 0.177093354738
0.134533958061 0.207093354349
0.134538788649 0.23709335396
0.134537178453 0.207093354003
0.155754366547 0.228302572032
0.176967000684 0.207088799314
0.198179634822 0.185875026596
0.19818446541 0.215875026207
0.219401653504 0.237084244236
0.240614287642 0.215870471518
0.261826921779 0.1946566988
0.283039555917 0.173442926081
0.304252190055 0.152229153363
0.325464824192 0.131015380645
0.34667745833 0.109801607927
0.346682288918 0.139801607538
0.367899477012 0.161010825567
0.389116665105 0.182220043596
0.410329299243 0.161006270878
0.410334129831 0.191006270489
0.431551317925 0.212215488518
0.452768506018 0.233424706547
0.473985694111 0.254633924576
0.4739905247 0.284633924187
0.473995355288 0.314633923798
0.474000185877 0.344633923409
0.495212820014 0.323420150691
0.516425454152 0.302206377973
0.516430284741 0.332206377584
0.516435115329 0.362206377195
0.537647749467 0.340992604477
0.507647749639 0.340995824869
0.507652580228 0.37099582448
0.528865214366 0.349782051762
0.550077848503 0.328568279044
0.571295036597 0.349777497073
0.601295036597 0.349777497073
0.571295036769 0.349780717465
0.550084679976 0.370996767161
0.55008306978 0.340996767204
0.528868158542 0.319785271709
0.498868158715 0.319788492101
0.498872989304 0.349788491712
0.520085623441 0.328574718994
0.52009045403 0.358574718605
0.490090454203 0.358577938997
0.51130308834 0.337364166279
0.511307918929 0.36736416589
0.490097562136 0.388580215586
0.490102392724 0.418580215197
0.490107223313 0.448580214808
0.51131985745 0.42736644209
0.532532491588 0.406152669372
0.553749679681 0.427361887401
0.523749679854 0.427365107793
0.502539323061 0.448581157489
0.523751957199 0.427367384771
0.493751957372 0.427370605163
0.514969145465 0.448579823193
0.536181779603 0.427366050474
0.566181779603 0.427366050474
0.587398967696 0.448575268503
0.587403798285 0.478575268114
0.608620986378 0.499784486144
0.58740607514 0.478572990648
0.587410905729 0.508572990259
0.608628093822 0.529782208288
0.62984072796 0.50856843557
0.651057916053 0.529777653599
0.651062746642 0.55977765321
0.672275380779 0.538563880492
0.672280211368 0.568563880103
0.693497399461 0.589773098132
0.714710033599 0.568559325414
0.714708423403 0.538559325457
0.714713253991 0.568559325068
0.714718084579 0.598559324679
0.693503173342 0.577347829183
0.672292816549 0.598563878879
0.693510004642 0.619773096908
0.69351483523 0.649773096519
0.693519665819 0.679773096131
0.693518055623 0.649773096174
0.693522886211 0.679773095785
0.693521276015 0.649773095828
0.693519665819 0.619773095871
0.693524496407 0.649773095482
0.66352449658 0.649776315875
0.69352449658 0.649776315875
0.714737130718 0.628562543156
0.735954318811 0.649771761186
0.735952708615 0.619771761229
0.735957539204 0.64977176084
0.735955929007 0.619771760883
0.735960759596 0.649771760494
0.714745848358 0.628560264998
0.735958482496 0.60734649228
0.757175670589 0.628555710309
0.757180501178 0.65855570992
0.757178890981 0.628555709963
0.727178891154 0.628558930356
0.727183721743 0.658558929967
0.70597336495 0.679774979663
0.684763008157 0.700991029359
0.663548096919 0.679779533863
0.642337740126 0.700995583559
0.663550374263 0.679781810841
0.642335463026 0.658570315345
0.663548097163 0.637356542627
0.663546486967 0.60735654267
0.663551317556 0.637356542281
0.642340960762 0.658572591977
0.663558148856 0.679781810007
0.642347792063 0.700997859703
0.621132880825 0.679786364207
0.591132880998 0.679789584599
0.612350069091 0.700998802628
0.633567257185 0.722208020657
0.612352345947 0.700996525161
0.63356953404 0.722205743191
0.612354622803 0.700994247695
0.633571810896 0.722203465724
0.6335702007 0.692203465767
0.603570200873 0.692206686159
0.624787388966 0.713415904189
0.594787389139 0.713419124581
0.573572477901 0.692207629085
0.552357566663 0.670996133589
0.53114720987 0.692212183285
0.552359844008 0.670998410567
0.552358233812 0.64099841061
0.531143322574 0.619786915114
0.552360510668 0.640996133143
0.552365341256 0.670996132754
0.573577975394 0.649782360036
0.594790609531 0.628568587318
0.616007797625 0.649777805347
0.594792886387 0.628566309851
0.616005520525 0.607352537133
0.637218154662 0.586138764415
0.637216544466 0.556138764458
0.637221375055 0.586138764069
0.637219764858 0.556138764112
0.658436952952 0.577347982141
0.65844178354 0.607347981752
0.658446614129 0.637347981363
0.628446614302 0.637351201756
0.598446614474 0.637354422148
0.598445004278 0.607354422191
0.619662192372 0.62856364022
0.61966702296 0.658563639831
0.619665412764 0.628563639875
0.619670243352 0.658563639486
0.619668633156 0.628563639529
0.619673463745 0.65856363914
0.619671853549 0.628563639183
0.640884487686 0.607349866465
0.610884487859 0.607353086857
0.632101675952 0.628562304886
0.662101675952 0.628562304886
0.640891319159 0.649778354583
0.610891319332 0.649781574975
0.589680962539 0.670997624671
0.589679352343 0.640997624714
0.589677742147 0.610997624757
0.61089493024 0.632206842787
0.610893320044 0.60220684283
0.632110508138 0.623416060859
0.632115338726 0.65341606047
0.63211372853 0.623416060513
0.632118559118 0.653416060124
0.61090364788 0.632204564628
0.632116282018 0.61099079191
0.632121112607 0.640990791521
0.63211950241 0.610990791565
0.66211950241 0.610990791565
0.683332136548 0.589777018846
0.683336967137 0.619777018457
0.713336967137 0.619777018457
0.71333535694 0.589777018501
0.692125000147 0.610993068197
0.713337634285 0.589779295478
0.734550268423 0.56856552276
0.734555099011 0.598565522371
0.764555099011 0.598565522371
0.785772287104 0.6197747404
0.785777117693 0.649774740011
0.806994305786 0.670983958041
0.836994305786 0.670983958041
0.85821149388 0.69219317607
0.858216324468 0.722193175681
