0.100004830588 0.129999999611
0.121222018682 0.15120921764
0.100011661889 0.172425267336
0.121228849982 0.193634485366
0.151228849982 0.193634485366
0.181228849982 0.193634485366
0.211228849982 0.193634485366
0.241228849982 0.193634485366
0.241227239786 0.163634485409
0.271227239786 0.163634485409
0.292444427879 0.184843703438
0.313661615973 0.206052921467
0.334878804066 0.227262139496
0.35609599216 0.248471357525
0.326095992333 0.248474577918
0.347313180426 0.269683795947
0.36853036852 0.290893013976
0.389747556613 0.312102232005
0.389752387201 0.342102231616
0.410969575295 0.363311449645
0.432182209432 0.342097676927
0.453399397526 0.363306894956
0.474616585619 0.384516112985
0.495833773713 0.405725331015
0.495838604301 0.435725330626
0.49584343489 0.465725330237
0.474633078097 0.486941379933
0.504633078097 0.486941379933
0.504637908685 0.516941379544
0.504642739273 0.546941379155
0.504647569862 0.576941378766
0.525864757955 0.598150596795
0.504649846718 0.576939101299
0.48343493548 0.555727605803
0.504652123573 0.576936823833
0.483437212335 0.555725328337
0.504654400429 0.576934546366
0.525871588522 0.598143764395
0.547088776616 0.619352982424
0.525873865378 0.598141486928
0.525878695966 0.628141486539
0.54709588406 0.649350704568
0.57709588406 0.649350704568
0.60709588406 0.649350704568
0.607094273864 0.619350704612
0.607099104452 0.649350704223
0.62831173859 0.628136931504
0.628316569178 0.658136931116
0.607106212385 0.679352980812
0.607104602189 0.649352980855
0.628317236327 0.628139208137
0.628322066915 0.658139207748
0.649534701053 0.636925435029
0.649539531641 0.666925434641
0.670752165779 0.645711661922
0.670756996367 0.675711661533
0.691974184461 0.696920879563
0.713191372554 0.718130097592
0.713189762358 0.688130097635
0.734406950451 0.709339315664
0.755624138545 0.730548533693
